0 6344
6 4459
6 1268
15 4861
15 7290
18 8075
18 2361
25 10344
25 2109
28 3862
32 10359
35 3061
35 9422
35 7575
35 10538
35 6965
38 4025
38 1376
38 2602
38 1936
38 8399
38 1183
38 9501
40 191
44 923
47 5082
47 10863
47 4137
48 148
49 5839
49 6321
49 146
50 2897
50 8564
50 8964
52 8091
63 10177
64 10863
64 6711
64 9189
65 3862
65 8187
72 9822
76 6515
78 4396
81 3862
83 10863
83 3773
83 7343
83 7774
83 4362
83 5358
85 4017
85 3769
86 4170
87 3197
93 261
94 6253
94 123
106 6838
110 8732
110 725
110 7621
110 3243
111 7290
111 5255
111 7148
113 129
117 5581
117 8911
117 9501
117 9616
117 334
117 1126
117 7324
117 9544
118 3787
118 4527
118 5236
118 6824
118 9708
118 10587
118 9123
118 9521
118 10209
121 1284
123 9657
125 1009
125 10436
126 320
126 961
126 11009
126 1072
127 5689
129 2707
129 2869
129 583
129 1085
129 10787
129 236
129 1110
131 5518
131 8675
136 7842
137 2244
142 334
146 6321
148 6526
148 1290
149 376
153 6633
153 8138
153 4440
153 1744
153 261
153 734
154 541
157 604
158 6811
161 7861
161 634
163 3969
163 4612
163 8756
164 7321
167 6437
172 334
179 5252
181 11020
181 378
181 3430
183 9502
183 6384
187 10845
187 6646
188 8795
191 1081
191 2757
191 3279
191 9445
191 10941
191 159
191 4686
191 6702
191 7931
191 203
192 5083
201 3605
201 2824
201 3735
205 829
205 430
208 745
208 2659
208 3619
209 10558
209 6119
210 2309
211 9216
212 9604
213 9624
214 10519
215 10863
216 9616
219 10025
221 7290
221 875
221 7148
223 46
224 10621
224 10025
224 4885
226 5634
226 6321
227 5883
228 9616
228 10863
228 4949
228 7851
228 6711
228 6074
228 7624
228 362
230 864
233 7575
235 9994
235 10162
236 1085
236 1057
244 6253
246 7680
251 9290
256 4910
258 5573
259 3011
260 4459
261 734
261 5006
261 4475
261 1744
261 4781
263 8187
263 8254
263 10904
263 28
264 10863
264 783
264 787
264 6389
266 725
268 10933
269 5866
269 4903
269 5100
269 7531
269 10553
274 10023
276 4260
279 129
280 9292
280 6614
280 10863
280 3370
281 1363
282 9543
286 4982
286 1623
288 4722
288 7496
290 82
290 446
290 8775
292 5526
293 9661
293 753
296 6416
296 7446
296 8568
296 1268
298 9794
298 8462
298 6063
301 389
303 7815
307 10798
310 7038
316 5222
316 8362
318 10863
319 10943
320 1755
320 2463
320 2635
320 5418
320 2659
320 6628
320 1072
320 8817
320 8163
320 1634
320 6302
320 2051
322 7861
322 3903
323 9706
324 5098
324 5828
325 479
328 9657
328 583
329 761
334 8272
334 1124
334 9745
334 566
335 977
336 3547
336 3612
336 4017
336 9067
339 8275
347 8329
349 10947
356 7179
360 5005
361 4534
362 7680
363 10461
363 539
364 8187
364 9535
369 1704
370 5729
373 9204
375 1696
378 9535
378 10904
378 10030
378 1290
378 3430
380 6278
382 5278
383 4477
383 6273
383 7418
385 5508
385 6711
385 10863
387 10436
387 10863
392 2400
394 10863
396 4794
396 8418
396 566
396 8476
396 10351
398 10029
400 550
400 6507
400 6607
400 129
400 4545
405 3528
405 804
408 10850
410 3860
410 10230
410 4131
415 10720
420 4142
423 4618
427 8911
427 9501
427 9616
427 566
430 7706
430 8272
430 829
430 9758
430 9246
430 8377
430 7825
431 8994
438 1359
442 5998
444 1057
444 656
447 3430
449 5901
455 3862
461 1199
464 3358
464 212
470 4825
476 1730
476 2368
476 1255
476 1249
477 9780
479 203
481 5108
483 5952
484 10802
484 8395
485 10859
487 10863
487 6711
487 1077
494 9176
497 13
498 8272
498 334
500 7533
501 2081
503 8823
503 11033
505 1221
506 3862
506 8724
506 69
513 198
514 3867
514 7496
516 442
516 1124
516 5598
516 8807
530 1489
531 8272
531 8795
531 1365
534 989
535 10025
536 10242
539 83
539 4225
539 5585
539 5741
543 10516
544 604
544 207
544 8999
544 9368
544 5589
546 9032
548 3835
548 6383
548 10214
548 479
548 1339
549 5110
549 8713
550 9498
551 9616
551 14
551 4017
552 10946
554 8170
556 734
556 5385
560 4968
560 8511
563 8857
563 7672
566 9657
569 6705
569 528
571 5205
571 2861
572 5083
573 5750
573 3243
574 3515
574 6850
574 1309
575 4043
578 3739
578 5687
578 6400
578 9253
578 7620
578 6231
578 10759
578 1157
582 5784
582 7096
582 7783
582 8700
582 767
583 9657
583 753
585 1819
585 11014
585 810
587 389
591 3687
591 6526
597 2509
598 224
598 8497
602 3405
613 3844
613 9890
613 4043
613 7956
613 893
613 5089
613 7776
616 5198
616 8743
616 9046
618 6601
618 9569
620 3405
621 1489
621 4542
621 8866
625 622
629 4963
636 9292
637 1359
638 9431
638 5418
638 6527
638 8817
638 3619
643 9203
645 2186
649 9543
649 780
649 10313
650 1599
650 7931
650 6702
650 8976
653 1017
653 8318
654 1082
664 9489
673 4885
677 3416
677 6133
678 5336
682 224
685 1009
685 1980
685 2928
685 6018
685 6515
687 9640
687 679
694 7601
695 164
695 1248
696 4871
696 6319
696 923
696 399
696 5522
697 10933
703 7981
708 8922
708 9890
708 10621
708 10941
708 10964
708 191
708 3828
708 5301
708 6785
708 10025
708 7185
708 9780
709 6854
711 5872
711 3650
712 10254
712 440
713 3424
713 8637
713 928
714 9321
718 6847
718 4967
718 8032
719 5199
720 10720
724 5430
725 146
728 5064
734 3432
734 10941
734 10964
734 82
734 290
734 446
734 8775
734 5006
734 782
734 7185
734 4686
736 591
740 7237
749 198
752 7533
752 8331
752 8507
752 10376
752 10892
752 1048
755 9635
755 10376
755 2081
762 10030
763 8599
763 5598
769 1051
769 8121
770 7706
772 11019
779 10025
779 845
780 4508
780 4814
787 10863
787 4128
792 1927
792 6069
792 9515
792 6035
795 10328
796 711
796 1599
796 5881
796 1184
796 6731
798 5602
798 9032
799 10622
802 9126
805 1175
806 3366
806 5948
806 6747
806 10588
806 5585
807 7038
807 2953
808 6146
815 1753
821 5103
829 7499
829 11042
833 2523
833 10436
833 10254
834 5768
834 7681
838 3403
838 8937
838 11025
838 9242
838 10277
841 2869
841 6526
841 6838
841 8187
841 9506
844 10652
845 4885
845 4686
845 10025
849 1216
850 10705
852 8336
852 8908
852 986
856 80
860 10453
861 5066
861 1276
861 2704
861 9681
861 7779
861 3367
862 11020
864 4857
864 8972
864 69
864 506
866 10941
866 10025
867 8795
871 5221
873 7706
875 3612
875 7290
875 1060
876 1085
877 7706
884 1335
886 895
886 1094
886 9292
890 1144
892 1149
893 3279
893 9890
893 650
893 845
899 956
900 6094
900 458
900 10625
900 5412
900 7090
900 227
902 3050
902 7499
902 4926
902 7706
903 7783
905 3835
905 5308
905 1339
910 291
912 4828
912 6040
912 9636
912 11047
914 5573
915 9711
918 9616
918 1126
918 9544
921 9070
921 10941
922 3862
922 8254
927 6526
927 148
927 1290
929 9657
929 3903
930 6423
930 3358
930 8008
931 762
932 9043
933 1897
933 10863
933 9283
946 5750
946 6337
946 8982
948 5816
948 6479
948 10105
961 320
961 8329
965 154
965 541
965 744
965 1098
966 1284
968 10088
971 159
971 3344
971 10871
971 535
975 7706
975 5164
979 10835
986 8336
986 8908
986 9355
986 852
987 3860
987 290
987 734
987 4440
987 9070
987 8349
987 7185
987 7825
988 6997
988 8795
992 10119
992 10821
1000 10982
1006 10242
1006 4704
1006 7718
1006 7706
1006 2737
1006 8054
1008 801
1009 10863
1010 3604
1011 6613
1011 86
1011 8052
1011 5013
1011 9543
1011 7388
1011 3772
1016 6253
1017 653
1017 8318
1018 9245
1018 7606
1019 696
1020 8972
1024 3905
1024 5855
1024 2128
1026 2643
1026 1118
1026 8508
1028 4377
1028 4796
1028 5821
1028 7978
1028 8516
1028 269
1028 10041
1028 1237
1031 11036
1034 8469
1038 1211
1038 9771
1038 10376
1038 4301
1038 4855
1039 5946
1039 6123
1039 9043
1040 1980
1040 1930
1040 566
1042 18
1042 4807
1043 1897
1045 10282
1047 6040
1048 7298
1048 10892
1049 3612
1049 7982
1050 385
1050 717
1050 1118
1050 1980
1051 10177
1051 154
1051 541
1052 6586
1054 7533
1054 2081
1059 5839
1059 49
1059 146
1059 566
1059 6321
1060 46
1062 1897
1066 6356
1069 7109
1069 6602
1074 1085
1075 9923
1075 10354
1076 5255
1076 10841
1076 7974
1077 10863
1093 6628
1093 10704
1094 5633
1094 148
1094 3430
1095 9076
1098 154
1098 541
1098 744
1100 8595
1100 2309
1100 8795
1100 544
1100 8272
1100 334
1102 4290
1102 9657
1102 9711
1102 583
1103 7058
1103 7533
1103 1168
1104 7007
1108 6015
1110 2876
1112 8795
1112 1599
1113 291
1113 6607
1113 1980
1115 1599
1115 3687
1115 3860
1115 3862
1115 4133
1115 10941
1115 591
1115 1115
1118 2643
1120 3528
1120 804
1124 7706
1126 5581
1126 9126
1126 9501
1126 1319
1126 6292
1127 5804
1127 4837
1127 10049
1128 5534
1128 1821
1133 3430
1134 4142
1134 420
1136 3366
1136 10202
1141 10055
1150 9506
1150 1244
1154 10871
1155 528
1163 10376
1163 755
1163 1103
1165 7499
1167 6838
1167 8187
1167 129
1167 10629
1168 10892
1168 11020
1168 1365
1171 9677
1171 7470
1171 8808
1175 8596
1175 9223
1177 5353
1178 6745
1183 3367
1183 1115
1183 8163
1188 260
1189 2999
1191 10761
1191 10053
1196 8386
1196 1309
1197 3650
1197 7499
1197 6620
1198 4810
1198 3924
1202 6999
1210 6854
1211 7628
1211 4943
1211 7533
1211 9445
1211 9635
1211 10376
1211 11020
1211 755
1211 1162
1211 1168
1213 872
1213 4186
1215 7799
1216 3571
1217 7260
1223 8097
1224 9297
1224 378
1225 3862
1225 8761
1225 9445
1225 9866
1225 10941
1225 11020
1225 46
1225 541
1225 699
1225 922
1228 8998
1232 892
1233 466
1234 5812
1234 9256
1244 7930
1245 7290
1245 9969
1245 3828
1248 1082
1251 886
1252 10025
1252 682
1252 7931
1255 2738
1257 10165
1257 9455
1258 8595
1258 433
1258 334
1258 911
1258 10873
1258 1319
1258 2309
1259 10998
1268 821
1271 3424
1271 4810
1271 5812
1271 6378
1271 7909
1271 8637
1271 10947
1271 862
1271 928
1271 1153
1271 1198
1271 1234
1271 3924
1271 1298
1271 1271
1276 10133
1278 7706
1278 8187
1279 8292
1279 7382
1284 9283
1285 7654
1285 5418
1285 591
1285 6527
1285 8817
1285 3619
1285 6423
1286 3405
1286 10765
1286 9876
1287 1897
1287 4560
1287 5239
1287 8042
1289 7499
1292 10824
1292 6740
1292 10863
1295 4828
1297 5296
1297 8033
1297 6421
1298 7999
1299 4358
1299 8817
1299 6986
1300 782
1301 804
1301 10798
1301 6568
1301 1724
1303 1690
1305 566
1305 10424
1309 6850
1312 3651
1312 8272
1312 11049
1312 9528
1313 9839
1313 9641
1318 8761
1319 7216
1324 7123
1326 8795
1326 9616
1326 544
1326 911
1326 8312
1328 7007
1329 8124
1329 3430
1331 809
1335 378
1336 3908
1336 9616
1336 596
1339 1333
1345 827
1345 10161
1345 6923
1346 3515
1346 6850
1346 7179
1346 7592
1346 8630
1349 7290
1350 8846
1350 889
1352 5296
1355 291
1355 910
1355 7186
1355 754
1355 8418
1355 8998
1355 9283
1355 10796
1356 8272
1356 10306
1356 1546
1357 3862
1357 4857
1357 4873
1357 9506
1357 8395
1357 5164
1358 5377
1359 4440
1361 10055
1361 566
1361 464
1361 1365
1361 829
1362 1814
1362 9713
1362 9908
1365 3687
1368 9252
1368 7252
1369 7426
1372 5005
1372 801
1376 9160
1379 7706
1379 1124
1380 10848
1380 6996
1385 1980
1385 5480
1386 3672
1392 10863
1392 9957
1392 10382
1393 7853
1400 10190
1400 83
1400 769
1400 1051
1400 5741
1412 8755
1415 389
1416 1386
1426 10821
1426 9246
1433 241
1439 10862
1440 5098
1440 464
1453 5303
1453 1047
1453 1516
1458 10028
1458 8891
1458 6499
1459 1053
1460 6069
1460 7193
1460 931
1465 8448
1465 10487
1466 1284
1466 5408
1476 8795
1484 3923
1486 1895
1486 7702
1486 7925
1486 1205
1486 8700
1486 7096
1486 767
1486 10474
1486 7708
1486 7783
1486 10532
1486 8004
1486 3016
1489 8052
1501 9616
1502 6757
1502 10863
1502 6711
1502 6465
1505 9292
1516 1453
1516 827
1516 10161
1516 6040
1516 1047
1522 10824
1522 506
1524 5094
1524 10479
1529 2072
1529 2698
1529 3259
1529 6189
1529 3302
1531 6788
1531 10078
1543 6711
1546 10306
1548 3658
1552 8170
1553 1814
1571 3775
1571 4445
1571 6005
1571 6851
1571 8834
1571 9334
1571 22
1590 829
1596 10476
1600 5573
1602 9323
1602 11020
1610 5785
1623 4982
1628 8798
1628 49
1628 146
1628 1059
1629 5525
1634 11009
1637 6602
1638 9706
1638 3698
1643 8994
1643 3867
1643 4216
1643 4962
1643 514
1643 8438
1643 6622
1643 10578
1643 8379
1643 9259
1643 6359
1643 10211
1643 8695
1643 7004
1643 7748
1645 340
1649 8968
1659 2572
1659 7850
1659 7706
1661 2414
1676 156
1676 1358
1677 10863
1679 1278
1679 7706
1679 2029
1679 3358
1679 5164
1679 8885
1685 10863
1702 3365
1702 3698
1711 1950
1712 6368
1717 5278
1717 9154
1717 6100
1724 10798
1724 6568
1740 6191
1744 650
1744 7054
1748 10863
1752 1104
1752 9713
1752 1814
1754 8601
1755 8163
1755 9297
1759 4473
1762 8272
1762 3867
1762 8438
1762 7007
1762 9797
1783 10380
1783 6797
1786 7375
1786 10815
1786 740
1786 6799
1793 10436
1794 9616
1812 290
1812 3388
1812 5301
1812 4686
1812 8775
1812 5006
1812 9969
1814 10821
1814 8272
1818 610
1818 8936
1818 9239
1835 1284
1836 7267
1854 3862
1854 7229
1854 10221
1854 9794
1854 1094
1855 566
1855 9283
1860 7499
1860 998
1860 8900
1860 6134
1861 7599
1861 9198
1861 7708
1868 1897
1875 10344
1877 9466
1878 9616
1878 5811
1878 6244
1878 10108
1887 5668
1895 767
1895 1205
1895 5150
1895 5784
1895 8700
1895 6224
1895 9198
1895 10474
1895 10532
1895 7925
1895 7599
1895 7783
1895 7096
1895 9237
1895 7318
1895 7708
1898 767
1898 7096
1898 7783
1898 8700
1898 7351
1898 10237
1901 8911
1901 334
1901 531
1901 3742
1901 1762
1901 2797
1901 6375
1901 6358
1908 334
1908 8292
1908 8649
1908 9871
1910 8700
1911 2427
1911 3882
1916 6850
1916 1115
1920 7706
1920 10054
1923 650
1927 10863
1927 6069
1930 10242
1930 8042
1930 829
1930 10053
1930 8272
1930 10245
1930 9758
1930 10213
1930 1365
1931 10704
1936 1296
1936 10873
1936 4714
1936 6543
1936 7665
1936 10558
1938 3356
1938 10876
1938 1157
1944 7706
1944 10053
1949 7451
1949 4982
1949 9611
1961 581
1961 917
1972 10382
1972 10863
1976 8738
1983 3621
1985 1635
1985 8795
1985 9126
1985 334
1985 4818
2008 8795
2008 650
2009 7476
2010 8387
2030 10824
2037 1949
2041 8272
2041 10821
2041 1312
2062 4123
2064 1980
2067 3045
2072 2698
2072 6189
2072 3259
2077 3365
2077 2553
2077 7395
2077 10691
2078 7216
2080 5979
2084 8254
2084 28
2088 699
2096 1897
2104 9756
2107 1897
2107 5787
2108 290
2108 734
2109 5378
2109 7975
2109 5598
2109 9797
2115 1162
2122 1897
2122 7423
2122 5751
2122 5452
2122 292
2122 8982
2127 4096
2127 7155
2127 8272
2127 1983
2127 7681
2127 7860
2131 5700
2131 7706
2131 7190
2139 10824
2139 9506
2139 28
2140 7404
2148 9085
2157 5321
2157 9957
2161 506
2161 4051
2161 9095
2162 6040
2162 6923
2177 8177
2177 7290
2183 9183
2183 9913
2191 1319
2203 9253
2213 462
2213 2451
2213 2523
2216 5530
2233 9445
2233 241
2237 3367
2237 1115
2237 8163
2238 8044
2238 11028
2239 578
2239 5683
2239 1938
2239 8005
2243 6763
2249 1825
2249 340
2250 8696
2252 11020
2252 7808
2252 10049
2257 559
2259 10190
2259 7624
2259 7680
2259 266
2259 322
2259 362
2259 477
2259 725
2259 1051
2259 1090
2259 3903
2259 7905
2259 5741
2259 5276
2268 1980
2278 1949
2278 8786
2278 10439
2280 2538
2280 3612
2280 3547
2287 6315
2306 1897
2320 7159
2333 8798
2333 1059
2348 568
2348 1819
2348 10837
2348 585
2348 8030
2348 4558
2349 3367
2349 10941
2349 3744
2352 129
2360 5660
2360 9695
2360 10072
2361 4017
2366 7680
2366 541
2366 1051
2366 9687
2366 5741
2368 1730
2368 2738
2388 8845
2391 8275
2399 3112
2399 5301
2399 6702
2412 3357
2412 46
2412 3985
2413 6545
2414 4810
2414 11020
2414 928
2414 7260
2415 3997
2415 4532
2415 10174
2415 9522
2415 9625
2424 10863
2424 4949
2428 1433
2428 1112
2430 5641
2433 3612
2433 3547
2435 1570
2435 5787
2436 5582
2440 3161
2451 10848
2451 754
2458 9657
2458 583
2458 254
2460 1219
2463 4836
2470 4068
2472 3492
2482 6745
2485 1897
2485 5239
2485 10242
2485 829
2485 430
2485 7314
2485 6292
2491 6751
2491 685
2509 528
2520 8163
2521 4279
2544 10660
2544 8357
2544 4563
2553 2077
2568 4718
2576 2178
2576 10760
2576 566
2576 7170
2576 6527
2577 4201
2577 5877
2610 1319
2612 506
2614 8860
2645 266
2645 725
2646 10863
2646 9616
2657 559
2658 697
2658 3979
2658 8400
2662 4975
2664 702
2667 7680
2667 5619
2678 6123
2682 8885
2685 7545
2686 8537
2686 244
2686 101
2686 6253
2688 4825
2688 9855
2701 3631
2701 3870
2701 2244
2701 9667
2703 11042
2703 5239
2703 829
2703 1897
2703 9441
2703 8272
2703 334
2703 8961
2703 10245
2703 8715
2737 7706
2753 10190
2753 226
2753 477
2753 769
2753 1219
2753 5741
2753 6465
2756 3370
2756 1094
2756 1854
2756 10867
2757 1599
2776 4408
2779 3522
2787 10177
2787 10863
2787 63
2788 2681
2788 4133
2788 3528
2788 3860
2788 8795
2788 1319
2788 1112
2788 9101
2796 5768
2796 4487
2797 5581
2797 9501
2797 1126
2797 6968
2808 3016
2809 2614
2819 4560
2819 531
2819 5833
2819 6757
2819 8381
2819 1365
2824 3605
2834 4558
2835 10863
2835 394
2841 829
2848 8131
2859 10863
2861 9126
2863 9472
2874 3302
2879 9149
2879 10704
2879 9179
2885 3752
2885 150
2900 2913
2900 8008
2900 536
2900 5663
2900 6423
2900 9616
2900 6847
2906 6003
2907 1980
2907 566
2907 1284
2909 2012
2913 1897
2913 8469
2913 11042
2913 829
2913 1319
2920 1242
2927 7598
2928 1980
2928 5662
2928 8476
2932 6144
2932 2833
2932 8647
2949 10849
2951 6628
2963 821
2970 10343
2979 2913
2990 5768
2990 4487
2990 2796
3010 334
3010 8272
3016 6437
3016 587
3016 700
3026 3634
3042 9021
3042 9183
3044 9677
3044 1171
3044 3814
3044 4548
3044 1088
3050 998
3050 7499
3050 829
3050 10956
3051 804
3052 8076
3061 4017
3061 7541
3063 7706
3063 9356
3079 10863
3079 3260
3085 9101
3091 1897
3091 2122
3091 6757
3091 1043
3096 9727
3096 7975
3096 7400
3101 9428
3112 188
3112 3388
3143 10863
3143 6711
3154 3650
3154 6880
3154 7521
3157 3771
3157 6687
3164 191
3164 5210
3164 6019
3164 6606
3164 7410
3164 8193
3164 9139
3164 9921
3164 10090
3165 1047
3178 1318
3182 5205
3182 10863
3189 9616
3194 3824
3194 5134
3194 5668
3194 6214
3194 7701
3194 8721
3194 9403
3215 10863
3217 7012
3243 292
3248 7948
3259 2698
3259 6189
3260 1077
3260 10863
3260 6711
3261 10941
3262 1897
3264 8889
3264 8937
3266 8102
3269 1897
3269 10863
3269 5311
3275 8112
3279 9890
3280 10349
3281 10941
3281 987
3283 11020
3330 5477
3330 6186
3331 83
3331 6711
3331 8912
3344 357
3349 716
3354 6578
3357 9321
3357 46
3362 848
3365 7815
3365 7706
3365 4070
3365 6423
3366 10863
3367 10967
3368 7955
3369 290
3369 734
3370 8014
3370 2081
3370 3862
3370 4627
3370 1333
3370 9404
3370 364
3370 3598
3373 3405
3378 11020
3383 6400
3383 1157
3384 3416
3386 224
3390 10849
3390 10436
3395 7706
3395 430
3395 6403
3396 752
3396 8507
3396 9698
3396 8331
3396 10892
3405 4627
3405 8275
3406 9083
3406 10382
3406 10863
3406 6069
3406 7786
3406 1972
3408 4133
3408 1365
3418 7706
3418 5445
3418 8950
3418 10289
3424 788
3424 928
3424 8637
3428 403
3434 726
3437 2719
3437 2920
3437 2949
3437 6923
3437 8344
3437 10849
3437 10933
3443 4810
3443 1153
3448 1051
3448 2366
3448 9687
3448 5741
3455 8055
3458 4520
3461 1069
3463 8993
3463 1116
3467 3344
3467 3481
3473 4459
3475 4142
3482 4231
3482 7098
3482 911
3482 9501
3496 3357
3504 10863
3504 4484
3507 650
3507 734
3510 829
3510 8715
3510 10606
3512 2394
3512 172
3514 3528
3514 5415
3514 36
3515 7179
3515 6850
3517 1049
3518 10332
3523 4362
3523 7343
3523 7774
3527 5508
3527 10382
3527 10863
3527 6711
3527 10754
3527 4484
3528 2250
3528 8795
3528 6634
3531 6045
3531 464
3531 1325
3531 7971
3537 342
3537 5858
3547 3612
3549 2996
3556 5249
3564 9291
3583 838
3583 8937
3583 409
3587 3279
3587 4440
3587 9070
3587 893
3595 1297
3600 10704
3608 7680
3612 2538
3613 4334
3619 1049
3619 8170
3621 5751
3621 7706
3621 1124
3621 5452
3621 8807
3622 10190
3622 9687
3624 809
3630 992
3631 6384
3631 10717
3631 5560
3631 10645
3633 10815
3634 7409
3634 8695
3634 8133
3634 9394
3638 3511
3638 5559
3643 5313
3649 4070
3649 8807
3649 7706
3649 9579
3649 1124
3649 5024
3649 5445
3649 5452
3649 5598
3649 10510
3650 6880
3656 265
3656 6005
3666 3418
3666 3482
3666 10636
3666 5997
3666 1166
3666 3860
3666 8697
3666 3917
3666 8795
3666 157
3666 5581
3666 1326
3666 8866
3666 9332
3666 911
3666 5942
3666 8950
3666 9544
3666 1042
3666 18
3666 7305
3666 9430
3666 6389
3666 4018
3666 9887
3673 1516
3673 838
3673 10161
3673 629
3676 9247
3678 9565
3678 7166
3678 2244
3679 4844
3679 3522
3687 8187
3691 10941
3691 10025
3696 3497
3696 8972
3697 2538
3697 3440
3697 9822
3697 8254
3697 1060
3697 1290
3697 6526
3697 6206
3697 6196
3697 699
3697 586
3697 2204
3697 10893
3697 1271
3697 6100
3697 7691
3697 9166
3697 5103
3699 2872
3699 7706
3699 4070
3699 975
3699 11051
3699 8054
3711 4797
3711 4867
3711 6322
3711 7096
3714 7706
3714 4855
3717 3279
3717 9890
3717 893
3719 7290
3720 1345
3723 4702
3723 7949
3723 10637
3725 5750
3726 9253
3727 9376
3730 795
3735 3605
3735 2824
3735 11026
3735 201
3738 9976
3738 7290
3738 522
3739 1897
3739 6400
3739 1157
3741 5789
3741 10201
3741 9422
3741 6661
3741 4797
3742 334
3742 8820
3742 3408
3742 9758
3744 3367
3746 4806
3746 8733
3746 3746
3746 2109
3750 3667
3750 188
3750 10388
3750 4440
3750 9793
3750 5301
3750 9070
3750 8591
3750 5875
3750 9675
3755 8133
3759 6813
3760 1085
3760 236
3760 6526
3764 9211
3764 10731
3767 2643
3767 8508
3767 4162
3769 4017
3769 5041
3769 5343
3769 7967
3769 9664
3770 6127
3770 7541
3770 6144
3770 3838
3770 8647
3773 7774
3773 7343
3773 4362
3774 9354
3774 3161
3787 4477
3787 9708
3787 4234
3787 6824
3787 6929
3801 7583
3801 10242
3802 2848
3803 6811
3803 7574
3809 9616
3809 6123
3814 4548
3815 3733
3815 213
3815 603
3815 872
3815 1213
3816 1162
3828 872
3828 4199
3830 1296
3830 8163
3830 9037
3830 7045
3833 7179
3835 1339
3837 7499
3838 7541
3838 6144
3838 3061
3839 536
3839 829
3844 2681
3844 3388
3845 9445
3845 10941
3845 893
3845 987
3846 7925
3846 10492
3846 7708
3846 8483
3846 9922
3846 8990
3855 8583
3856 10025
3858 6778
3860 1081
3860 1599
3860 1638
3860 3279
3860 3528
3860 3844
3860 1319
3860 4440
3860 8795
3860 1499
3860 591
3860 9070
3860 892
3860 159
3860 1149
3860 5377
3860 4580
3862 3357
3862 3440
3862 3494
3862 3598
3862 8748
3862 120
3862 2081
3862 7279
3862 9668
3862 72
3862 8933
3862 981
3862 9822
3862 8254
3862 1060
3862 10904
3862 6526
3862 1698
3862 8434
3862 3358
3862 6527
3862 5391
3862 10911
3862 4153
3862 3698
3862 8761
3862 297
3862 10341
3862 7120
3862 8564
3862 76
3862 9535
3862 9591
3862 364
3862 46
3862 4364
3862 6100
3862 6800
3862 9706
3862 8187
3862 10973
3864 6292
3864 829
3864 9544
3864 2889
3867 514
3867 4962
3867 7930
3868 6146
3868 808
3869 7444
3869 10253
3870 550
3870 10026
3870 3639
3870 8856
3870 8945
3870 4123
3870 5774
3870 7375
3870 3697
3870 11050
3870 9023
3870 6432
3870 5429
3870 10815
3870 6891
3870 5660
3870 2140
3870 2607
3870 9042
3870 754
3870 740
3870 5483
3870 10366
3870 8654
3870 7688
3870 6334
3870 10823
3870 7264
3870 8923
3870 9352
3870 6596
3870 8362
3870 10826
3870 10586
3870 7856
3870 4066
3870 7089
3870 8008
3870 5098
3870 5235
3870 6580
3870 7303
3870 10475
3870 8951
3870 10072
3870 9712
3870 5668
3870 10008
3870 8893
3870 5757
3870 6761
3870 10215
3870 839
3870 10131
3870 7372
3870 9695
3870 9297
3870 1224
3870 7265
3870 8049
3870 9449
3870 8319
3870 9785
3870 10399
3870 7256
3870 4958
3870 7430
3870 10291
3870 6987
3870 9812
3870 8883
3870 1232
3870 10777
3870 10976
3870 8998
3870 7162
3870 8886
3870 4679
3870 9745
3870 4041
3870 9569
3870 4492
3870 10905
3870 1225
3870 3562
3870 8393
3870 6690
3870 3633
3870 4353
3870 4795
3870 6289
3870 7397
3870 10689
3870 7165
3870 6187
3870 10163
3870 9068
3870 7778
3870 8327
3870 7186
3870 5870
3870 3926
3870 8480
3870 4751
3873 7450
3874 9863
3877 9727
3877 7975
3877 7400
3878 9757
3879 7668
3879 1166
3879 9501
3879 911
3881 5205
3881 531
3882 7499
3882 829
3882 430
3888 5864
3888 4017
3888 9325
3888 2361
3894 3844
3894 9501
3894 334
3894 911
3894 10636
3894 6292
3897 1047
3897 8185
3902 2031
3905 2128
3905 4563
3905 8963
3905 8725
3905 10507
3905 3358
3907 4951
3914 4440
3916 10761
3916 8101
3916 8008
3917 911
3917 8075
3917 4939
3917 1042
3917 18
3925 11020
3925 862
3926 8362
3926 9191
3927 6757
3927 10242
3927 3698
3927 10849
3927 1043
3927 5673
3929 9290
3930 6191
3930 3750
3931 3851
3931 127
3931 5272
3931 10763
3931 8613
3935 4464
3940 10242
3940 4704
3940 7706
3944 3388
3944 3844
3944 7569
3944 10941
3944 191
3944 650
3944 5301
3944 6387
3953 2328
3953 1188
3955 2715
3955 5549
3955 7155
3955 7706
3955 975
3955 8462
3955 9412
3955 6403
3956 5190
3956 8601
3956 8215
3956 6322
3956 7096
3956 512
3956 3061
3956 1667
3958 9050
3958 10553
3959 6423
3960 4214
3961 6139
3961 9126
3961 9501
3961 544
3961 1489
3961 1319
3961 5165
3963 9863
3968 7976
3969 9253
3969 4234
3969 9521
3969 6824
3970 8798
3970 49
3970 11033
3970 1059
3973 8997
3981 6827
3983 11051
3984 7841
3985 6288
3991 143
3997 6593
3997 10174
3997 4532
3997 9522
3997 2415
3997 9625
3998 261
4004 3405
4004 4457
4004 10476
4004 620
4011 8469
4011 9765
4011 5901
4014 10378
4018 10055
4018 544
4022 10162
4023 1319
4025 8163
4026 7682
4029 8163
4032 577
4036 6003
4036 334
4036 5797
4038 1112
4038 1433
4039 8373
4039 6938
4039 8032
4041 10815
4043 405
4043 893
4045 7499
4045 9501
4045 430
4045 829
4045 1126
4045 1326
4051 4943
4051 506
4052 6547
4052 8345
4053 8372
4058 10697
4058 5334
4058 1950
4058 7783
4064 8272
4064 334
4064 8820
4064 9263
4064 8961
4070 975
4073 1178
4074 4943
4074 9126
4074 207
4074 531
4075 10863
4078 4498
4081 1289
4081 9308
4081 7673
4084 1980
4084 9450
4095 8163
4096 9908
4096 9713
4096 6757
4104 9696
4114 10282
4116 9909
4127 3356
4127 8237
4127 9263
4127 6603
4127 10332
4128 10863
4130 8555
4132 4045
4136 10264
4137 10863
4137 6711
4137 3143
4140 3986
4140 872
4140 1213
4140 4186
4142 8681
4150 9616
4151 734
4151 3430
4152 589
4152 10282
4152 9575
4152 9855
4154 5390
4157 2643
4157 8508
4157 4162
4159 1980
4161 10863
4162 2643
4162 8508
4163 8902
4164 9906
4167 6988
4169 8349
4170 86
4170 5301
4173 682
4173 8497
4173 7618
4173 5743
4173 7328
4173 10678
4173 490
4173 261
4177 4070
4177 9342
4178 4810
4178 1153
4178 1162
4178 5462
4184 9029
4188 3950
4189 3358
4191 8387
4191 5964
4192 2468
4193 7842
4197 9079
4200 3634
4200 8133
4200 1365
4200 4790
4202 8807
4202 5768
4202 9994
4202 566
4202 6506
4202 2305
4203 3963
4203 4017
4208 7178
4208 8417
4211 697
4211 1047
4213 6322
4213 13
4216 11020
4216 2081
4219 6139
4219 6982
4219 1936
4221 3367
4221 9501
4221 829
4224 4857
4225 10863
4226 9616
4229 3165
4229 4825
4229 9855
4231 8795
4231 9616
4231 544
4231 911
4231 8312
4234 4477
4234 10663
4237 602
4237 7422
4238 3051
4239 5240
4241 7782
4242 113
4245 4440
4248 7155
4248 7706
4248 1124
4248 3649
4250 629
4250 6204
4250 4852
4250 5901
4250 10058
4250 4963
4253 1049
4253 3619
4254 7158
4256 10967
4260 276
4260 8762
4263 10863
4267 6357
4267 9797
4269 2089
4269 4001
4269 4240
4270 143
4271 10539
4275 3428
4275 403
4275 4500
4277 6527
4277 591
4279 6413
4281 7815
4282 8686
4282 5803
4285 3598
4285 10941
4285 10964
4285 782
4285 7185
4285 5301
4285 7128
4286 1188
4286 3953
4286 7055
4288 5255
4288 7148
4289 3383
4289 6400
4289 1157
4290 634
4290 161
4294 4525
4295 875
4295 9981
4295 5255
4295 7148
4295 7159
4300 9616
4301 1897
4301 10242
4301 1983
4301 5199
4301 10054
4305 7708
4308 7575
4313 531
4313 8884
4313 5051
4314 8761
4323 7797
4327 1930
4327 7706
4327 8272
4327 9713
4327 334
4327 829
4327 1124
4327 1553
4327 9758
4327 9908
4327 8961
4328 8292
4329 8761
4329 7532
4343 5111
4346 9570
4350 5592
4350 6045
4358 9506
4358 9813
4358 7107
4364 6100
4367 3788
4368 6515
4371 5321
4371 10298
4371 3051
4371 36
4371 3514
4371 5415
4371 573
4372 4863
4372 4477
4372 9269
4372 1430
4372 8215
4375 5998
4375 9253
4382 5797
4386 7279
4388 4895
4388 7782
4390 4452
4390 9644
4390 10161
4391 9501
4391 1359
4396 3074
4397 1897
4397 3862
4399 1581
4400 8272
4400 9432
4403 334
4404 7771
4404 7389
4405 5787
4406 7591
4410 3997
4410 4052
4410 6547
4410 8345
4410 10174
4410 9522
4411 4095
4411 8013
4411 9309
4413 9639
4415 298
4417 2081
4420 9517
4420 7239
4420 6804
4425 8178
4426 9521
4426 9269
4426 8024
4428 6308
4432 787
4436 6797
4441 5520
4444 7706
4444 5423
4448 6410
4452 8010
4455 4943
4458 4394
4459 1268
4473 6400
4473 9253
4473 7620
4475 290
4475 734
4475 782
4475 5006
4478 6025
4481 438
4481 1359
4484 9616
4484 10863
4484 7851
4487 2796
4492 1952
4492 1980
4492 6601
4492 7841
4492 8272
4492 334
4492 734
4492 1284
4495 10863
4495 6711
4496 5929
4496 224
4496 4131
4501 8163
4505 8724
4507 334
4513 8083
4519 5296
4519 6847
4519 8795
4520 2445
4520 4017
4520 8645
4523 7680
4523 10863
4523 4362
4523 7774
4523 7343
4527 4477
4527 6824
4529 4017
4529 3769
4532 3997
4532 10174
4532 9522
4532 2415
4532 9625
4533 7504
4533 7412
4536 4127
4536 6287
4536 10697
4543 5114
4543 2239
4545 4036
4545 7312
4547 6628
4548 8808
4548 5255
4548 10162
4551 1024
4551 2128
4551 3259
4551 5855
4551 3905
4551 4323
4551 8743
4551 10507
4553 10637
4553 5614
4555 4579
4555 5569
4555 7672
4555 8857
4556 8340
4558 1819
4558 8030
4558 10837
4558 4844
4560 1897
4560 10242
4560 566
4560 1319
4560 5239
4560 292
4560 6292
4562 7720
4562 430
4562 829
4562 8715
4563 8446
4564 7995
4564 5668
4564 6761
4565 3838
4565 6813
4565 6144
4565 5403
4565 8647
4565 1754
4565 8004
4568 7179
4568 8386
4574 2177
4574 1855
4574 9528
4577 6243
4578 334
4581 9506
4581 28
4581 8006
4581 6304
4581 2084
4590 591
4590 6100
4592 6757
4592 10245
4592 334
4592 536
4592 9575
4592 7369
4592 9855
4593 7650
4593 10637
4601 8976
4606 10824
4606 7583
4606 5024
4608 9047
4612 6607
4612 8756
4613 3862
4613 4836
4613 9535
4613 364
4614 10141
4615 682
4616 10241
4616 7546
4616 3164
4617 10026
4617 6891
4617 10975
4617 10331
4617 4669
4617 5178
4617 9569
4617 9068
4617 5870
4617 8480
4620 4817
4622 981
4624 4164
4624 4233
4624 4541
4624 10651
4624 8636
4624 4791
4624 9906
4624 5133
4624 5599
4624 6685
4624 8758
4625 7045
4627 1333
4628 5787
4628 6601
4631 4477
4631 6986
4632 4857
4632 699
4633 697
4633 1532
4633 10412
4642 5787
4642 8387
4642 8272
4642 1289
4645 9101
4645 1319
4651 1130
4651 1516
4651 6386
4651 1047
4652 6799
4653 7309
4653 9601
4653 5691
4658 4086
4659 4771
4659 5205
4659 9466
4659 10059
4659 9764
4659 2861
4667 1318
4667 10436
4667 1202
4667 4627
4669 550
4669 10291
4670 9253
4672 5290
4672 8944
4672 6734
4672 3498
4672 6085
4672 7864
4672 5944
4678 2623
4678 5552
4679 839
4685 6375
4686 290
4687 9731
4689 4628
4694 11049
4694 8290
4698 9325
4698 1601
4698 5116
4699 5585
4702 4017
4702 10637
4704 7706
4704 7718
4704 2737
4706 4943
4706 4051
4706 10625
4706 227
4706 6423
4706 8885
4706 566
4707 3699
4707 5855
4707 3365
4707 5313
4707 7320
4707 10863
4707 4551
4707 8246
4707 9619
4707 5198
4708 8620
4712 4017
4712 5101
4719 291
4719 3651
4719 1284
4719 10796
4722 699
4727 10487
4734 6062
4742 3634
4747 8131
4747 2848
4748 7198
4749 8148
4752 9294
4752 9024
4752 9829
4752 9338
4753 550
4753 5342
4753 10593
4754 6774
4757 650
4760 1197
4760 7521
4760 6134
4760 7932
4763 8748
4765 10397
4765 8695
4765 979
4767 3997
4767 1404
4767 4865
4771 203
4771 7328
4773 3528
4773 6634
4773 5415
4775 6151
4775 6757
4775 536
4775 829
4775 1042
4775 9186
4778 5787
4780 7613
4780 3482
4780 7706
4780 8697
4780 911
4780 7098
4781 446
4781 734
4783 3598
4783 6400
4783 1157
4783 7988
4783 5744
4784 1300
4789 7706
4789 9579
4790 1365
4790 9797
4791 4233
4794 566
4796 5821
4796 8516
4796 7978
4796 5601
4796 9784
4797 5190
4797 8320
4797 7460
4797 13
4797 10532
4797 6322
4798 5377
4798 699
4799 1602
4799 9323
4799 10863
4799 11020
4802 8874
4804 9151
4806 2109
4807 5205
4810 1162
4810 11020
4810 8549
4812 9992
4813 2920
4817 7375
4818 3832
4818 4243
4825 9855
4825 6188
4827 6390
4830 8795
4830 829
4830 292
4832 3219
4832 10060
4835 5350
4836 11049
4836 4627
4837 3996
4837 10620
4837 6701
4837 8168
4839 3370
4840 1124
4844 810
4844 8100
4846 9092
4852 5447
4852 629
4855 4943
4855 6527
4855 7683
4855 5255
4856 3432
4856 261
4856 290
4856 734
4856 987
4857 9616
4861 7290
4862 4686
4865 1404
4867 7096
4867 6322
4873 10885
4873 8187
4875 697
4877 6654
4881 4017
4885 10880
4885 10941
4885 10025
4888 3867
4890 1188
4890 4076
4893 541
4893 6321
4893 6402
4894 3014
4898 7672
4905 7628
4905 5768
4905 7155
4905 10376
4905 1150
4905 1211
4905 1244
4906 4628
4909 3528
4909 334
4912 8795
4912 9969
4912 10950
4912 1319
4912 6849
4912 9160
4912 5255
4912 8984
4912 7885
4917 8254
4920 224
4926 7706
4926 829
4928 7269
4929 4267
4929 9797
4935 5903
4936 5581
4936 9616
4936 10925
4936 6565
4936 629
4938 7319
4938 1282
4939 207
4942 7054
4942 5089
4942 6656
4943 5883
4943 9735
4943 227
4943 6423
4945 4394
4946 1076
4946 10841
4948 840
4949 1077
4949 783
4949 7851
4949 9013
4949 6711
4952 1230
4955 4477
4955 7620
4956 5111
4960 4802
4962 4254
4966 6527
4966 6047
4967 8047
4967 6938
4967 7389
4968 9557
4970 5581
4974 10863
4976 3769
4978 3365
4978 7706
4979 551
4979 7994
4982 5385
4982 6763
4982 129
4982 7398
4983 10946
4987 67
4989 2178
4989 5509
4989 205
4993 5403
4995 10553
4996 11006
4996 729
4996 8272
4996 10863
4996 334
4996 1489
4996 4302
4996 4627
4996 4863
4996 4968
4996 5422
4996 6711
4996 3074
4996 6789
4996 10569
4996 6739
4996 8215
4996 8511
4996 7273
4996 1430
4996 10780
4997 8682
4997 7476
4999 4675
5000 4689
5001 3862
5003 4828
5003 11047
5005 1008
5009 1762
5012 10317
5013 780
5016 239
5016 11015
5016 6930
5023 1776
5023 6952
5023 724
5023 9749
5024 10824
5031 8182
5035 1623
5035 4982
5039 5787
5040 1077
5040 9506
5040 10863
5040 6711
5041 4017
5041 7967
5043 3997
5043 4532
5043 9522
5043 10174
5047 5901
5047 10809
5050 4810
5050 1198
5050 11020
5051 1897
5051 5722
5051 6757
5051 8272
5051 531
5060 1570
5060 2643
5060 334
5065 8576
5065 9445
5065 46
5069 6757
5069 9713
5069 2424
5069 7390
5069 7668
5080 3010
5080 8272
5080 9501
5080 334
5080 1365
5080 3408
5080 9246
5080 9758
5082 10863
5086 1392
5086 10863
5086 9957
5089 2757
5089 1812
5089 845
5089 893
5089 4601
5090 1219
5090 3649
5093 7545
5093 120
5096 1734
5097 6757
5097 7499
5097 10242
5097 536
5097 829
5097 4926
5098 440
5100 7792
5100 7005
5108 8269
5111 1205
5114 10058
5115 7680
5115 143
5121 5866
5121 224
5121 673
5121 4440
5126 4477
5129 8795
5129 3828
5129 5670
5134 9579
5139 8111
5143 7620
5147 3689
5148 8997
5150 7783
5153 3014
5154 1897
5162 8519
5162 10946
5171 8272
5171 334
5179 157
5179 7767
5179 6997
5184 9198
5184 7599
5184 1861
5190 4527
5190 5576
5190 7460
5190 8320
5190 10532
5190 6322
5192 3481
5192 10190
5192 10678
5192 7328
5192 10186
5192 261
5192 438
5192 535
5192 637
5192 893
5192 1245
5192 1297
5192 1359
5192 3828
5192 3914
5192 4481
5192 4696
5192 5089
5192 9428
5192 7972
5192 7466
5192 5318
5192 10628
5192 9968
5192 6606
5192 6900
5192 5989
5192 7054
5192 6059
5192 5701
5192 10272
5192 8894
5198 8743
5198 9046
5199 6423
5205 5296
5205 6847
5209 2889
5219 8272
5220 9711
5220 10085
5222 9297
5222 10815
5223 3367
5225 7706
5225 11051
5228 7820
5228 877
5228 9713
5228 11032
5229 10547
5231 1854
5237 8972
5237 1020
5239 11042
5239 829
5239 1319
5241 6003
5241 129
5241 8508
5241 9232
5243 6322
5243 7783
5243 6929
5249 8162
5254 3935
5254 9809
5255 7290
5255 8177
5255 875
5256 4070
5256 8807
5256 8272
5256 3921
5256 4382
5256 5199
5256 10306
5256 10344
5256 3649
5258 3331
5259 6628
5272 10763
5276 10190
5276 10863
5276 362
5279 5005
5279 801
5279 1008
5279 1372
5284 5520
5284 3943
5284 4055
5284 6384
5284 2906
5284 7252
5284 9939
5284 9528
5284 6478
5284 471
5284 4585
5285 7819
5288 3365
5289 4689
5289 7561
5289 9813
5291 1895
5291 8338
5291 7332
5291 8346
5292 4136
5292 8067
5292 8498
5292 10241
5292 9939
5292 10264
5294 11033
5294 1059
5294 8007
5294 503
5294 8823
5295 9079
5296 6847
5298 10242
5298 1168
5300 3515
5300 7179
5300 574
5300 8655
5300 8630
5303 1453
5304 9178
5304 9263
5304 10332
5304 9909
5306 4017
5306 3769
5306 8853
5306 8127
5308 1339
5312 9616
5312 1855
5313 4133
5313 3358
5313 464
5313 8415
5313 10343
5313 6423
5313 8885
5315 6774
5316 298
5317 5125
5318 261
5318 893
5318 4475
5318 5089
5318 5210
5318 1744
5318 6019
5318 7054
5321 9011
5321 5526
5321 10863
5324 5144
5326 8177
5327 9797
5327 8133
5327 7299
5327 393
5327 4178
5328 3862
5328 6800
5331 8807
5331 7499
5331 298
5331 10877
5334 3931
5334 10697
5334 7783
5334 7096
5336 566
5339 1819
5339 8030
5339 10837
5341 10847
5342 2178
5342 2907
5342 9579
5342 1284
5342 4789
5342 9528
5342 8961
5343 4017
5343 9664
5344 3882
5344 8795
5344 430
5344 829
5344 6738
5344 7051
5350 4835
5350 9422
5353 6191
5358 10863
5358 7774
5359 9134
5359 10892
5360 582
5361 3860
5361 5430
5361 8519
5367 298
5367 6776
5367 9089
5367 6610
5368 5633
5368 3522
5369 7706
5369 8042
5369 3649
5371 9126
5371 6952
5371 566
5375 780
5377 1638
5377 3487
5377 323
5377 9706
5377 522
5377 7290
5377 170
5382 9436
5382 7961
5382 9269
5382 8511
5383 8740
5385 10941
5386 10863
5391 6834
5391 4317
5391 4160
5392 10222
5395 9253
5399 378
5403 6144
5404 4142
5404 420
5404 1134
5405 10815
5405 10985
5405 5668
5408 1284
5408 10351
5410 5581
5415 3528
5415 6634
5415 8795
5418 7290
5421 3860
5422 5982
5422 9708
5423 7706
5427 403
5427 7783
5427 7096
5428 3230
5429 6432
5430 8469
5435 10378
5435 4789
5435 8372
5435 6123
5435 9939
5435 3676
5435 214
5435 112
5435 10007
5439 3634
5445 8042
5445 9797
5445 10606
5445 9646
5445 10510
5446 5477
5446 10158
5446 6750
5446 4828
5446 5003
5446 9636
5446 11047
5446 912
5446 8822
5452 3621
5452 8807
5452 7706
5456 4382
5459 8564
5462 4810
5462 5050
5462 1198
5462 4178
5462 10211
5464 9466
5464 6278
5464 7242
5469 10925
5469 829
5469 1356
5471 3882
5471 5321
5471 622
5471 829
5472 1271
5472 3924
5472 2897
5475 6069
5475 7786
5479 4992
5483 8362
5483 5668
5486 9465
5486 10691
5486 7395
5486 10146
5488 10519
5489 4234
5492 8448
5493 3232
5497 8686
5497 5803
5498 3279
5498 224
5498 1359
5498 4440
5503 4096
5503 6757
5503 7469
5503 9713
5503 10863
5504 7706
5508 1077
5508 9083
5508 6711
5508 10863
5508 6614
5509 6423
5509 566
5510 9913
5514 3667
5514 10964
5514 290
5514 734
5514 987
5514 8652
5516 4382
5520 236
5520 6003
5524 8272
5524 334
5526 9011
5530 1897
5530 9445
5530 7007
5530 1365
5534 7070
5535 977
5538 7975
5539 4289
5547 7774
5547 7343
5553 3370
5554 9039
5555 5447
5555 8265
5555 9278
5555 338
5555 9902
5557 7720
5559 46
5559 1085
5574 2643
5575 6437
5575 5336
5576 5206
5576 13
5576 6322
5576 7096
5576 10532
5581 4943
5581 207
5581 8795
5582 2436
5585 6587
5592 1082
5592 6045
5598 7706
5598 1124
5598 5024
5598 5164
5604 1516
5604 10933
5604 3979
5604 8400
5608 4840
5608 7706
5608 1124
5614 10566
5614 7444
5614 10253
5614 7285
5619 7680
5619 2667
5620 3894
5620 4669
5620 5178
5622 7643
5622 94
5622 123
5622 4017
5626 6628
5626 10905
5628 3650
5628 536
5628 1226
5628 7521
5634 541
5634 7023
5636 6423
5642 8163
5642 4869
5643 8994
5643 1271
5644 931
5648 3959
5648 2223
5650 1489
5651 5531
5652 7819
5653 8178
5653 6422
5653 7318
5654 3009
5656 7440
5658 10315
5658 6177
5659 5190
5659 8601
5661 10863
5661 5998
5662 1980
5663 536
5663 1762
5664 3279
5664 3587
5666 5303
5666 6750
5666 6988
5666 3871
5666 4465
5666 7755
5670 7569
5670 224
5678 7978
5684 1359
5686 1178
5686 2482
5686 1642
5687 9445
5687 5689
5687 10941
5687 7574
5687 3803
5688 298
5688 6063
5689 5641
5689 10503
5691 5998
5696 4566
5700 7706
5700 10242
5701 3279
5701 3587
5702 5040
5702 8810
5702 7834
5709 3770
5709 3838
5709 8647
5709 7663
5719 1927
5719 6069
5724 8620
5727 10877
5727 1319
5732 8772
5732 7444
5735 8272
5735 8950
5735 4400
5735 5942
5735 9758
5735 9432
5735 5886
5739 5155
5739 9236
5739 10069
5741 10190
5741 1051
5741 10003
5742 7320
5742 4017
5743 3856
5743 682
5743 490
5745 9783
5748 10778
5760 4133
5760 9029
5761 6423
5762 1897
5762 1911
5762 2427
5762 4706
5762 4943
5762 9445
5762 9616
5762 10985
5762 566
5762 829
5764 5581
5764 8272
5764 8795
5764 334
5764 1312
5764 4036
5764 4545
5764 5316
5764 5445
5764 3649
5764 292
5764 9758
5764 9432
5764 8793
5764 471
5764 8372
5764 7796
5766 3697
5766 6187
5766 10333
5766 10976
5766 839
5766 1225
5768 2081
5768 1244
5768 7766
5768 298
5768 8133
5768 7841
5768 4199
5771 1927
5771 10863
5771 1489
5771 6069
5771 9515
5778 9083
5778 10863
5778 6711
5780 1112
5780 3650
5780 6880
5780 8052
5780 1319
5781 5700
5782 9898
5782 10106
5782 5436
5782 8394
5784 9237
5784 6413
5785 8388
5787 2907
5787 3651
5787 8418
5787 10198
5787 1284
5787 566
5789 10201
5789 9422
5797 7252
5798 801
5798 1372
5800 8807
5800 7766
5802 6801
5802 6711
5802 6389
5802 10015
5803 8686
5804 3860
5809 4763
5809 1171
5809 9763
5809 7513
5811 9616
5811 6244
5811 10108
5813 9323
5813 11020
5813 1048
5814 877
5814 3982
5814 5000
5820 767
5820 10408
5821 7978
5828 1271
5829 10829
5831 3650
5831 3837
5837 5205
5837 6191
5837 1253
5837 8519
5837 893
5837 9278
5839 6321
5840 5050
5840 979
5843 3650
5843 1289
5843 6481
5843 1197
5843 7720
5844 931
5844 6069
5846 18
5849 3612
5849 10172
5855 2128
5855 3905
5861 5334
5861 10697
5861 6287
5864 4017
5864 9325
5864 6175
5865 2965
5866 1081
5866 3388
5866 8762
5868 1819
5868 10837
5869 8387
5869 6952
5871 3862
5871 9506
5871 10885
5871 256
5875 3279
5875 893
5875 4440
5875 9070
5876 6187
5877 7819
5878 4153
5883 4133
5883 2081
5883 1315
5884 4017
5884 6197
5884 7949
5884 10637
5886 9501
5886 207
5886 334
5886 544
5886 911
5886 5410
5886 9758
5886 10289
5886 8715
5886 1985
5890 4878
5890 6788
5893 1819
5893 8030
5893 3522
5895 697
5897 3240
5897 10863
5897 5321
5897 2835
5898 4726
5898 10702
5900 1333
5905 6226
5907 248
5912 8755
5919 4487
5919 2990
5920 5725
5920 7750
5922 2913
5929 3344
5929 207
5929 4885
5929 10025
5929 224
5931 5255
5931 9378
5931 7148
5934 290
5938 6926
5939 440
5939 6253
5939 6655
5942 8272
5942 911
5942 9758
5943 6599
5948 6614
5948 8014
5948 6701
5948 9031
5950 5998
5954 462
5954 2451
5954 2213
5954 10440
5956 8958
5956 6509
5957 4790
5957 7450
5959 8138
5964 1319
5964 5777
5964 9616
5972 3591
5972 4210
5973 9616
5977 8272
5977 334
5977 829
5980 4601
5980 7012
5982 7783
5985 7706
5985 8507
5985 1124
5985 10606
5985 3510
5985 8462
5985 10510
5989 4601
5994 4577
5995 3482
5995 3528
5995 8911
5995 829
5995 1319
5995 1326
5995 10399
5995 8984
5997 3482
5997 8950
5997 911
5997 4018
5997 10636
5997 7098
5998 10824
6001 11020
6001 3430
6001 6100
6003 4763
6003 6526
6003 1085
6003 223
6009 556
6009 5385
6010 9617
6014 3482
6014 5581
6014 6757
6014 911
6014 1043
6014 1326
6014 5942
6018 1980
6018 8272
6018 334
6018 1284
6018 9283
6019 191
6019 893
6019 5210
6019 7054
6021 10162
6027 1897
6027 1357
6029 1980
6029 334
6035 1077
6035 5082
6035 10863
6035 792
6035 6711
6035 6069
6035 9515
6040 10161
6041 10453
6045 1082
6051 9083
6054 9083
6054 83
6054 440
6055 4017
6055 5864
6059 203
6066 9657
6066 9711
6066 10266
6066 583
6069 1927
6069 10863
6070 3827
6070 7273
6074 10863
6074 362
6078 1319
6080 392
6080 196
6082 5205
6082 7782
6083 5170
6085 9253
6085 5689
6085 3308
6086 1232
6086 734
6086 248
6088 3173
6094 4943
6096 6880
6100 4364
6107 4001
6108 3366
6108 5585
6111 10475
6111 10131
6114 8133
6114 8761
6114 6653
6115 1162
6119 5929
6123 4857
6123 9616
6123 1489
6123 4147
6123 5187
6123 8292
6123 6123
6123 2339
6123 6816
6125 10278
6125 7369
6125 9855
6129 8126
6131 3890
6131 5998
6134 8795
6138 5255
6138 7073
6139 10558
6144 5403
6151 2913
6151 10242
6151 829
6152 9238
6157 8807
6159 10848
6161 5205
6161 5321
6162 6230
6162 2923
6162 7945
6165 282
6165 1011
6165 6613
6165 649
6170 7584
6170 9971
6172 5138
6172 10479
6175 4017
6175 2361
6176 8740
6177 1740
6177 10315
6182 4673
6182 10761
6182 10460
6187 10751
6187 10777
6187 1225
6189 2698
6191 1253
6191 8688
6192 536
6193 6237
6197 4017
6197 9638
6197 9913
6197 10637
6201 5903
6204 6952
6204 4689
6208 224
6214 1980
6216 1135
6216 5952
6216 8305
6217 5255
6220 6628
6220 8163
6222 6757
6222 11032
6224 7925
6226 2918
6228 1980
6228 5352
6228 5668
6230 2923
6231 5689
6239 8047
6239 10950
6239 10877
6242 1162
6244 9616
6244 5811
6244 10108
6244 1878
6245 10962
6245 8032
6245 7997
6249 11014
6253 440
6260 7546
6261 2394
6261 276
6261 552
6261 10711
6269 10908
6270 9836
6271 8272
6271 9501
6271 10245
6271 334
6271 1319
6271 5080
6271 7693
6271 8715
6272 5205
6273 9253
6273 4477
6273 7620
6277 9527
6277 224
6277 734
6280 4001
6280 88
6287 10697
6289 378
6292 5581
6292 8272
6292 8795
6292 9445
6292 9501
6292 334
6292 566
6292 829
6292 1319
6292 3894
6292 10636
6294 699
6296 3640
6296 4212
6296 4017
6296 4702
6296 5343
6296 3769
6297 6527
6297 3698
6304 9506
6304 28
6304 8006
6307 6847
6307 334
6310 3366
6310 10863
6310 3260
6322 4279
6322 10476
6322 2521
6322 10532
6326 6025
6326 6633
6328 3492
6330 6343
6332 1980
6332 2274
6337 8272
6337 334
6337 292
6338 9441
6339 10184
6348 6381
6354 3856
6354 10214
6354 10025
6356 8514
6356 7422
6357 4178
6358 3408
6367 10691
6368 9445
6368 10401
6370 6029
6373 1377
6375 8272
6375 334
6375 1365
6378 11020
6379 10863
6379 146
6380 5205
6383 479
6384 4055
6384 8067
6384 8498
6386 827
6386 10933
6387 3432
6387 7569
6387 10941
6387 10964
6387 82
6387 6702
6387 8762
6387 7185
6388 5356
6389 10863
6389 6074
6389 6711
6389 10015
6390 10983
6390 7306
6397 7440
6400 7620
6400 9253
6400 1712
6401 3978
6402 6321
6403 7706
6403 10242
6403 3649
6403 10510
6406 4616
6407 5497
6412 3179
6418 10667
6419 8272
6419 7204
6420 9763
6423 5359
6423 10824
6423 3358
6423 8008
6423 8187
6423 9445
6424 4968
6424 5110
6424 8713
6424 560
6425 5809
6425 7218
6425 9726
6431 3607
6431 5804
6431 10863
6432 6187
6437 6356
6437 7422
6437 4627
6445 9994
6446 9506
6446 9677
6446 1124
6446 1171
6446 3814
6446 10443
6446 8808
6447 6802
6452 4477
6452 5126
6452 7620
6452 10105
6465 10863
6471 8344
6471 10863
6472 10699
6472 10085
6473 4823
6477 4545
6478 4055
6478 8508
6479 948
6489 1377
6493 541
6499 10028
6499 8891
6502 4206
6502 8793
6505 9616
6505 25
6505 6220
6505 10783
6507 2907
6507 875
6507 7148
6507 3814
6507 4202
6507 7290
6511 123
6517 86
6517 7682
6527 3698
6527 981
6527 6100
6530 3943
6530 7252
6530 3022
6530 1353
6550 8245
6551 512
6551 6037
6551 13
6554 9994
6555 6527
6555 9907
6558 323
6559 3698
6559 6527
6559 591
6562 3383
6562 3739
6562 6400
6564 9092
6565 5581
6565 405
6565 829
6565 1126
6566 10863
6568 1724
6568 10798
6574 8997
6577 5758
6577 5581
6577 8795
6578 4487
6578 10202
6580 7706
6580 4382
6580 5164
6581 5013
6581 6178
6590 5989
6593 9253
6593 5491
6596 3430
6596 7089
6596 7778
6597 8406
6600 3482
6600 8795
6600 7098
6602 8278
6603 4127
6603 2109
6603 8237
6603 9178
6603 10332
6606 7185
6607 7073
6607 5255
6613 780
6619 6757
6619 8911
6619 334
6619 531
6619 6271
6619 6337
6620 8795
6620 650
6626 8254
6628 9765
6633 261
6633 1744
6634 8795
6637 7073
6637 9677
6637 1171
6637 3814
6637 7470
6637 4548
6644 224
6651 596
6656 6208
6656 8134
6657 2394
6657 10820
6657 9873
6657 4762
6661 8350
6661 13
6668 6593
6676 6478
6677 10863
6677 6379
6677 6711
6678 3844
6678 566
6678 5875
6680 5321
6680 6481
6680 4773
6681 892
6681 1149
6687 3771
6697 3926
6697 9834
6697 6790
6699 310
6699 2874
6699 7038
6702 4686
6705 1029
6706 334
6706 10863
6707 3430
6708 1047
6708 8185
6709 9873
6711 1077
6711 10863
6711 9292
6711 10620
6715 9528
6719 10343
6722 6757
6722 8272
6722 4487
6722 6578
6722 6610
6725 1319
6725 9101
6730 4765
6730 7450
6730 8695
6730 8739
6730 8358
6730 979
6734 1205
6737 7706
6737 10242
6737 975
6737 3649
6738 9101
6738 9501
6738 9616
6738 829
6739 5059
6742 5321
6743 3862
6743 6527
6743 4153
6746 5426
6750 11043
6756 10382
6756 6069
6757 8820
6761 5668
6762 10367
6773 4639
6773 6122
6776 7766
6776 298
6779 2140
6779 7404
6783 9913
6783 9067
6786 8836
6797 9506
6797 1376
6798 8951
6799 61
6799 740
6800 8492
6800 9535
6801 9616
6801 10863
6801 4949
6801 6389
6801 6711
6801 7851
6801 10015
6804 7239
6804 10312
6810 5306
6810 5408
6810 8127
6810 8901
6811 7321
6811 1111
6813 5190
6813 8601
6813 10697
6813 8716
6813 7460
6813 10532
6813 7351
6819 10863
6819 6711
6824 9253
6824 6929
6830 10517
6830 10312
6830 9278
6830 6990
6830 1078
6830 8111
6833 11014
6834 4160
6834 4317
6837 829
6837 1319
6838 2869
6838 6526
6838 129
6838 8437
6838 7583
6838 236
6838 8802
6838 8187
6842 8047
6842 8373
6847 1112
6847 8999
6847 8795
6848 5
6848 7822
6857 3924
6862 1489
6867 702
6867 5394
6867 9516
6869 3496
6869 5883
6869 6003
6869 129
6881 1094
6881 10867
6881 1854
6885 436
6885 7556
6885 6408
6886 4943
6886 522
6886 566
6890 4857
6891 10321
6895 6063
6900 804
6900 4043
6905 5061
6905 6359
6905 9709
6905 8279
6914 1051
6914 4837
6914 5741
6918 3492
6918 898
6922 7574
6923 462
6923 827
6923 10282
6923 10933
6925 9502
6925 6228
6926 5938
6927 3770
6927 3838
6927 5403
6927 5709
6927 6127
6927 6144
6927 3061
6927 7541
6927 8647
6927 8004
6929 9253
6929 4670
6929 5689
6930 5016
6930 6187
6930 11015
6935 6338
6936 614
6936 6834
6936 10025
6937 6245
6937 7968
6938 7389
6939 6122
6939 6773
6939 1340
6941 4485
6941 5447
6941 9278
6946 6621
6946 9041
6947 8761
6947 7526
6950 2521
6952 446
6952 566
6956 10863
6959 3871
6959 5249
6964 7939
6965 7575
6965 7783
6969 10194
6975 8349
6975 11014
6977 1162
6982 6139
6982 9501
6988 462
6988 5477
6988 10849
6988 6923
6988 8185
6989 7277
6990 6602
6990 7823
6992 1897
6992 5722
6992 10054
6995 3481
6998 1897
6998 5377
7003 7444
7012 3279
7012 9890
7012 650
7025 7155
7025 9713
7025 488
7025 9646
7026 3016
7026 5903
7027 5758
7033 7650
7037 3528
7037 3844
7039 10848
7040 5970
7042 7161
7047 1178
7047 1193
7047 4073
7051 6253
7051 1319
7051 7796
7051 8961
7054 1081
7054 1812
7054 3279
7054 734
7054 845
7054 6702
7054 7012
7055 10342
7055 7512
7056 7520
7056 10436
7056 5003
7058 4836
7058 4627
7058 11049
7058 10892
7059 4017
7059 6175
7060 1814
7060 7007
7060 9908
7063 10161
7064 734
7064 4475
7069 1516
7069 10849
7069 9691
7073 5255
7073 7148
7076 4832
7076 6788
7076 10106
7078 1897
7082 9616
7082 10378
7082 6123
7083 8318
7086 699
7090 5787
7090 6757
7090 9713
7090 227
7090 10210
7090 10625
7093 428
7093 1318
7093 1380
7093 2451
7093 2523
7093 4825
7093 9154
7093 10848
7096 767
7096 7783
7096 8700
7098 8272
7098 9501
7098 911
7101 10192
7107 7290
7112 6182
7117 902
7117 6151
7117 8272
7117 4926
7117 8470
7121 2623
7121 7434
7124 3634
7124 8133
7140 1253
7143 9126
7147 8859
7147 898
7150 6413
7150 7318
7152 5998
7155 10344
7157 76
7157 3793
7157 8479
7158 11020
7159 5098
7159 464
7159 895
7161 10294
7165 7375
7166 5978
7168 6628
7175 261
7175 734
7177 5510
7177 5700
7177 9638
7182 6804
7185 5641
7185 9423
7185 10503
7185 10964
7185 290
7185 4770
7186 291
7186 910
7186 5668
7189 7063
7189 10282
7190 8807
7190 7706
7190 10242
7190 3955
7190 4704
7190 5700
7192 11014
7195 8387
7195 5581
7195 117
7195 6577
7195 7324
7195 2889
7198 4748
7203 6478
7208 7290
7208 334
7208 4909
7209 585
7210 1897
7210 10824
7210 5998
7211 1814
7211 4096
7211 7314
7211 8272
7211 9713
7211 10821
7211 4799
7211 10053
7218 4017
7218 9811
7224 575
7224 3750
7224 4696
7229 3890
7229 9794
7236 5190
7236 6813
7236 7460
7236 10697
7236 8601
7237 223
7238 6655
7239 10820
7239 4762
7242 3344
7242 535
7243 5483
7248 5637
7248 5979
7248 7217
7248 8856
7260 3357
7260 46
7261 3860
7261 6628
7262 2538
7262 3547
7262 3612
7262 7290
7262 9831
7262 522
7262 875
7262 1049
7262 5255
7262 7148
7262 9976
7262 10162
7265 10815
7267 4608
7268 6607
7269 8868
7274 8950
7274 3649
7274 9246
7282 3870
7286 1157
7286 5022
7286 8897
7290 1060
7290 9831
7291 5758
7291 7027
7291 8387
7291 4102
7293 2708
7293 6850
7293 5300
7293 7125
7293 8655
7293 7393
7293 10453
7293 8630
7294 10190
7294 362
7294 769
7294 10003
7297 3905
7298 7533
7298 10892
7303 9616
7305 9616
7305 911
7305 8715
7306 7706
7314 3418
7314 5581
7314 6757
7314 4560
7314 8795
7314 1126
7314 9501
7315 634
7316 2256
7320 4017
7324 10925
7324 334
7324 536
7324 117
7326 6601
7326 10941
7326 893
7326 6606
7326 7185
7328 9466
7328 6059
7329 9740
7332 10237
7332 9922
7334 5460
7339 7339
7340 864
7340 3365
7340 7815
7343 4362
7343 7774
7346 1047
7348 10863
7348 4949
7348 6587
7348 6701
7348 7851
7348 10776
7351 767
7352 8795
7352 9501
7352 9765
7357 829
7360 699
7366 9501
7366 8265
7369 589
7369 4825
7369 9855
7374 528
7374 10853
7374 6705
7374 1029
7375 3862
7375 3430
7382 4036
7382 7252
7382 8292
7385 8270
7386 697
7386 1345
7386 3979
7386 8712
7386 9519
7386 8400
7389 8047
7389 4404
7389 5775
7389 7771
7389 10757
7393 8793
7395 10691
7395 10146
7396 3370
7396 10821
7399 9677
7399 1171
7399 3814
7399 10443
7400 9727
7400 7975
7404 9061
7404 9101
7404 10155
7405 6151
7405 2913
7406 8761
7418 6452
7418 3308
7420 2638
7420 5176
7423 4879
7424 8272
7424 105
7428 9247
7436 1491
7441 9883
7443 7331
7449 7290
7449 5255
7458 7766
7458 8133
7458 298
7458 719
7458 4202
7460 5190
7460 7096
7460 7783
7460 10532
7460 8716
7460 9509
7461 3956
7461 5190
7461 6813
7461 7096
7461 7460
7461 9509
7461 10532
7461 8716
7461 10697
7462 4004
7462 7113
7462 10765
7466 261
7469 5313
7469 6423
7469 6757
7469 877
7469 7953
7469 3959
7469 5919
7469 531
7469 1043
7469 1312
7469 10925
7469 536
7472 6923
7472 2658
7472 8185
7474 864
7474 5370
7474 8770
7475 3386
7475 224
7483 992
7486 5291
7486 9422
7486 10729
7491 334
7501 4071
7506 8180
7508 4017
7508 14
7508 551
7513 4763
7515 9323
7515 2081
7515 1365
7517 682
7517 8134
7520 8786
7521 3650
7521 6880
7523 7706
7524 6305
7524 4017
7528 10863
7528 6069
7530 1897
7530 10055
7530 829
7530 2913
7532 6947
7533 7058
7535 3373
7535 3405
7535 6515
7537 11051
7538 3619
7538 8170
7540 9764
7541 7914
7545 120
7548 6059
7548 10628
7552 1930
7552 8272
7552 9246
7556 288
7556 591
7560 3511
7560 6422
7560 10763
7566 1319
7566 1359
7569 782
7569 10941
7572 4133
7575 2430
7578 3619
7579 8086
7583 3862
7583 10824
7583 6526
7583 8437
7583 5024
7583 8802
7583 8187
7584 4127
7584 9178
7590 9230
7592 1309
7593 8265
7593 9278
7597 3365
7597 9640
7597 10871
7597 4487
7597 7681
7600 6527
7600 10821
7604 10863
7613 7934
7613 5997
7613 3482
7613 8697
7613 7098
7613 8950
7613 3418
7615 8600
7617 6406
7617 7252
7617 8542
7617 10407
7617 3022
7618 490
7625 3634
7628 1168
7630 7328
7630 6059
7630 8497
7631 4952
7631 970
7631 1230
7638 6607
7638 7155
7638 334
7638 8793
7645 544
7645 6711
7645 2424
7646 4409
7646 5497
7648 8597
7654 7654
7656 1712
7657 6628
7658 9234
7658 9139
7665 10950
7667 10863
7667 6069
7667 9109
7667 8750
7667 9902
7672 10343
7672 8491
7673 9971
7675 9668
7678 406
7678 7061
7679 5848
7681 4070
7681 7706
7681 10242
7681 6063
7682 8997
7683 1234
7684 9501
7684 10950
7688 6187
7691 994
7691 11003
7700 4949
7702 512
7702 6037
7702 6551
7702 7096
7702 7783
7702 8700
7702 10474
7708 7783
7718 7706
7718 4704
7718 6403
7720 7706
7720 829
7727 11
7737 7205
7737 7648
7737 10186
7737 10230
7737 362
7739 5377
7740 5418
7744 334
7748 3862
7748 4364
7748 4962
7748 6100
7748 7120
7748 8438
7748 364
7748 9292
7749 1118
7749 8432
7749 10985
7749 6214
7750 10637
7755 2719
7755 5303
7755 6988
7755 7063
7763 10578
7763 8902
7763 10619
7763 8695
7766 298
7771 4404
7771 7389
7773 3916
7774 10863
7774 7343
7779 7706
7779 872
7779 1213
7785 5508
7785 10863
7786 6069
7786 10754
7786 10135
7788 5170
7792 7005
7793 3405
7796 9501
7796 566
7800 3921
7802 2532
7804 9890
7804 734
7804 893
7812 2213
7813 7672
7813 10343
7816 7672
7816 7813
7816 10343
7819 8474
7820 5787
7820 1284
7820 7458
7822 5
7823 520
7831 5205
7833 6062
7834 5040
7836 10621
7841 3370
7841 290
7841 5301
7842 3598
7843 514
7845 5385
7845 650
7851 10863
7851 783
7851 6711
7855 2178
7860 8272
7860 9713
7860 10213
7860 10378
7860 4560
7860 2127
7860 7597
7860 7681
7861 634
7864 3598
7864 9253
7864 10503
7864 5689
7867 8254
7867 263
7869 4017
7869 7949
7883 1476
7883 2350
7897 9445
7901 9616
7901 8548
7901 8666
7902 9825
7908 8091
7908 8702
7917 10133
7918 433
7923 9054
7927 839
7930 3867
7931 10025
7932 10877
7932 7521
7936 9445
7940 3771
7940 6687
7946 7513
7949 4702
7949 10637
7950 2310
7950 10343
7952 3870
7952 10815
7952 3824
7952 4804
7952 4977
7952 4998
7952 6761
7952 7701
7952 9403
7952 8721
7952 8356
7952 10120
7952 8224
7952 10131
7952 8190
7952 9151
7952 3562
7952 8393
7953 334
7953 829
7956 4440
7956 9352
7958 3522
7959 7023
7959 541
7960 4291
7962 1094
7966 3430
7971 297
7974 3370
7974 6607
7974 7396
7975 8493
7977 1359
7977 7780
7982 5641
7984 10704
7984 734
7990 3866
7994 5255
7996 5045
8001 1489
8001 6069
8004 5156
8004 6127
8006 28
8007 11033
8008 3358
8009 4017
8010 697
8010 827
8010 1345
8010 1516
8010 6923
8010 10933
8010 10161
8013 8163
8014 11020
8014 699
8014 4627
8021 7290
8021 875
8024 4234
8024 10663
8028 7949
8028 9913
8028 10637
8029 4706
8029 2161
8030 1819
8032 4404
8032 5775
8032 7389
8033 7389
8033 9453
8035 4487
8035 2796
8038 6923
8041 9083
8041 10190
8041 7294
8041 7680
8041 10382
8041 10863
8042 8272
8042 1124
8042 5445
8042 10344
8044 3219
8045 4563
8045 5436
8045 6788
8045 9898
8045 8394
8045 10106
8046 4794
8047 7172
8048 1124
8048 4382
8052 5333
8054 4070
8054 5445
8054 9579
8059 3528
8059 10863
8060 3937
8060 6813
8060 10697
8060 8601
8062 758
8062 926
8062 9756
8062 4059
8064 5998
8064 7800
8064 6237
8064 7152
8064 2339
8068 240
8075 18
8085 541
8089 5336
8095 11042
8095 829
8095 2913
8102 6197
8102 6783
8102 8395
8102 10637
8103 883
8103 9291
8106 6191
8106 4841
8109 5483
8109 9464
8109 8319
8109 10305
8109 11050
8118 6847
8118 8262
8122 6757
8122 8272
8122 9445
8122 829
8122 1546
8122 7404
8122 10306
8124 3430
8124 9794
8124 3938
8124 7966
8125 8445
8126 6122
8126 6824
8126 6929
8126 10511
8129 4537
8129 6602
8129 7823
8132 3731
8132 1093
8132 6671
8132 7753
8132 8357
8133 4810
8133 4178
8133 6359
8133 514
8133 8438
8133 11018
8133 9797
8133 3867
8133 5828
8134 682
8138 4440
8138 5670
8138 7012
8146 4739
8151 3528
8151 5205
8151 5321
8151 10877
8151 1289
8151 7803
8151 9186
8152 585
8152 7209
8154 10863
8154 5650
8161 7504
8166 7692
8170 3957
8170 2564
8170 10458
8171 6123
8171 8292
8173 1897
8173 2485
8173 7314
8173 8272
8173 430
8173 829
8173 1312
8173 1287
8173 5239
8175 3860
8175 7738
8175 10728
8180 8213
8183 7966
8183 6753
8183 3938
8185 1047
8188 9306
8190 9310
8193 334
8196 7841
8196 439
8198 1339
8200 10863
8202 2394
8202 6261
8204 1897
8204 7706
8204 10683
8206 10343
8209 1979
8210 8076
8211 265
8211 6005
8213 6952
8213 10376
8214 4556
8214 8340
8215 7541
8215 7914
8219 8752
8219 10734
8220 7608
8220 883
8225 266
8225 725
8226 5668
8226 10120
8226 8327
8230 1897
8230 566
8231 9813
8231 9024
8232 10863
8236 6187
8236 4894
8236 9168
8236 9057
8237 8272
8237 10245
8237 334
8237 4127
8237 6603
8237 7584
8237 8820
8237 9178
8237 9263
8237 8961
8237 10332
8239 5870
8244 11020
8245 6072
8246 3905
8246 4707
8250 3924
8254 46
8256 8146
8261 6174
8261 10242
8261 536
8261 6271
8261 2913
8262 6937
8263 7799
8263 9616
8265 5581
8265 9501
8265 9616
8271 1980
8271 6225
8272 1124
8273 334
8273 829
8273 9246
8274 8272
8274 9501
8274 334
8274 829
8274 8033
8274 8715
8276 5598
8276 10510
8279 6359
8279 8438
8279 9797
8283 7458
8285 47
8287 9080
8288 5998
8288 10927
8290 1111
8293 6018
8293 9579
8293 9970
8293 10055
8296 845
8296 893
8296 5318
8296 6019
8296 8718
8299 1359
8304 8793
8304 10344
8305 1854
8309 3634
8309 5084
8309 10619
8309 10303
8309 8695
8312 1166
8313 769
8315 5585
8319 8043
8320 5190
8320 6322
8320 7096
8320 7460
8320 8716
8320 10532
8321 9706
8321 872
8325 4234
8325 6824
8325 10663
8328 890
8328 7851
8328 10863
8328 783
8328 4949
8328 1077
8331 1048
8331 8507
8334 3856
8335 7671
8336 986
8336 852
8336 8908
8337 4440
8338 767
8338 1214
8338 1895
8338 7351
8338 7783
8338 8700
8338 10474
8338 10222
8341 9080
8341 8645
8344 10849
8344 10933
8345 6547
8350 11049
8350 7783
8351 7288
8353 10877
8354 1108
8358 7763
8363 7337
8363 10399
8369 8721
8371 191
8371 3828
8372 4206
8372 5797
8372 7252
8372 8793
8374 10055
8374 566
8374 3959
8374 172
8374 10276
8379 288
8379 7496
8379 9259
8386 7592
8386 1309
8387 566
8392 9043
8393 10815
8393 839
8393 4679
8394 4563
8396 5207
8396 734
8398 25
8398 5282
8398 8511
8399 6139
8399 9616
8399 10244
8406 1950
8406 6597
8406 9916
8407 8914
8410 6768
8415 7706
8415 975
8416 4017
8417 4208
8417 6492
8417 7178
8418 6423
8418 3358
8418 464
8418 566
8418 614
8418 4794
8418 7496
8418 9668
8418 9283
8419 6018
8419 9566
8419 9970
8419 10519
8419 1115
8420 734
8427 290
8428 10998
8428 8596
8431 10962
8432 1980
8432 6168
8433 524
8437 3497
8437 5634
8437 5998
8437 6526
8437 1085
8437 236
8437 154
8438 9797
8440 3475
8440 5534
8440 6146
8440 7070
8440 808
8443 205
8443 1356
8443 10306
8444 1489
8444 5650
8446 4959
8450 5111
8450 5356
8450 6660
8450 7096
8450 7103
8450 7130
8450 7325
8450 7783
8450 10408
8450 8665
8450 10393
8450 10474
8454 9238
8455 3867
8455 6359
8455 7930
8456 1130
8457 5633
8457 3035
8457 8305
8465 8272
8465 334
8465 829
8465 5977
8466 3870
8466 6596
8466 7778
8466 8837
8470 902
8470 1897
8470 4926
8470 2913
8471 5243
8471 7015
8473 9445
8473 876
8473 6137
8474 10369
8476 975
8476 566
8479 76
8479 3793
8479 4627
8480 8669
8483 4305
8483 6965
8483 7708
8483 9922
8483 8990
8485 522
8485 9976
8487 1599
8487 10863
8488 3752
8488 150
8492 8661
8492 8187
8497 3386
8497 5929
8497 9466
8497 224
8497 637
8497 682
8497 4496
8497 6644
8497 8134
8497 8597
8502 4917
8503 5809
8505 2327
8505 3344
8505 5385
8505 8318
8505 8138
8505 2033
8505 1319
8505 8597
8505 650
8505 7825
8507 1048
8508 2643
8509 7282
8514 7422
8517 11028
8517 479
8519 6191
8519 6292
8527 7404
8530 8254
8530 10885
8530 8395
8531 2046
8531 4706
8531 7347
8531 8724
8531 9706
8531 161
8531 506
8531 840
8531 1034
8531 4051
8531 2161
8531 10625
8531 2958
8531 9095
8537 1812
8548 6422
8549 7807
8551 10985
8551 9417
8560 8272
8570 334
8570 1359
8570 2252
8575 37
8575 6565
8575 9441
8575 10370
8576 10704
8580 8807
8580 3358
8580 5598
8580 8924
8585 3775
8585 4445
8585 6005
8585 6851
8585 8834
8585 9334
8585 22
8588 6757
8588 531
8588 1043
8588 1287
8588 4560
8588 2913
8590 3522
8591 4440
8591 10388
8593 4017
8593 10637
8594 6127
8594 3061
8594 6965
8594 7541
8595 5533
8595 4175
8595 1319
8595 6139
8599 8008
8600 7615
8607 5998
8607 3935
8607 7285
8608 10863
8608 5619
8608 6069
8608 2667
8610 10192
8621 9616
8621 1319
8621 5727
8625 9990
8630 3515
8630 6850
8630 1309
8637 1298
8637 928
8639 10025
8643 4878
8643 6788
8643 10106
8645 4017
8647 5403
8647 6127
8647 6144
8647 3061
8647 7541
8647 8004
8649 9579
8649 334
8652 6702
8652 7931
8655 8630
8668 8795
8676 7575
8686 3926
8686 10586
8686 9569
8688 6278
8692 4440
8697 3397
8697 3482
8697 7290
8697 5255
8697 1312
8697 4231
8697 7098
8697 911
8697 5942
8697 8950
8697 4018
8699 4142
8699 420
8699 1134
8702 7908
8702 8091
8703 3953
8703 4017
8703 6420
8705 6386
8707 2008
8707 3482
8707 6481
8707 7499
8707 7720
8707 829
8707 430
8707 1197
8707 911
8708 793
8709 9590
8709 673
8709 682
8712 1345
8712 1516
8715 829
8716 7096
8716 7783
8716 10532
8717 9027
8718 6019
8718 6702
8718 7054
8718 4043
8720 4350
8720 8611
8721 5668
8721 7802
8721 11002
8721 9211
8724 3405
8724 3440
8724 8761
8733 3746
8733 4806
8733 25
8736 1489
8741 4917
8741 65
8741 9506
8741 10724
8749 7948
8750 6847
8750 6069
8750 9902
8752 8339
8756 10027
8763 3835
8763 5308
8763 8198
8763 1339
8763 9635
8772 3862
8772 9822
8772 4153
8772 7120
8772 7444
8778 4234
8778 4426
8778 8325
8778 9521
8779 133
8780 8383
8780 10728
8787 6015
8790 6847
8794 1142
8795 8174
8795 1111
8798 49
8798 146
8800 7058
8800 2081
8800 501
8801 10758
8805 9566
8807 5598
8808 5255
8810 5040
8810 7834
8815 3501
8815 4017
8820 8272
8823 8007
8823 11033
8823 1059
8827 4017
8828 212
8831 1980
8832 3935
8835 1897
8835 10054
8836 5784
8837 5668
8837 7089
8837 7778
8839 3388
8839 3844
8840 8033
8841 4796
8841 5678
8841 7978
8842 7096
8842 7460
8842 8320
8842 9361
8843 127
8846 3344
8846 3624
8846 6531
8846 4919
8846 6321
8846 10982
8846 6648
8846 528
8846 11030
8846 809
8846 569
8846 1331
8846 1000
8846 357
8846 2509
8846 1282
8846 10853
8846 146
8846 6705
8846 527
8846 6024
8846 9917
8846 1029
8846 561
8846 7374
8846 541
8846 5079
8849 10823
8850 3907
8851 6856
8851 9869
8853 5903
8856 9297
8856 9191
8856 8474
8857 7672
8858 8299
8860 8178
8866 7767
8866 157
8866 911
8866 8042
8866 10289
8876 5205
8876 10278
8876 8966
8877 4477
8877 7418
8877 383
8877 9708
8880 8747
8884 5205
8884 8272
8884 531
8884 4074
8884 4313
8884 7357
8884 9164
8885 3862
8885 6423
8885 3358
8885 7706
8885 930
8885 3916
8885 8008
8886 9297
8891 10028
8893 3639
8895 4616
8895 6406
8895 7603
8897 8845
8900 3860
8905 1349
8905 6952
8905 6532
8905 5430
8910 3598
8911 4692
8911 334
8912 9083
8912 10863
8912 83
8912 6711
8912 2424
8913 981
8916 9445
8916 829
8918 5134
8918 5352
8918 5405
8918 5483
8918 5668
8918 6228
8918 6761
8918 4751
8918 7701
8918 7952
8918 3562
8918 8721
8918 9403
8919 3624
8919 7680
8919 10892
8924 3358
8924 7290
8925 10863
8930 11042
8930 1319
8931 10863
8931 69
8931 230
8931 864
8931 6069
8931 10286
8931 10135
8935 3528
8935 804
8935 4967
8936 7089
8936 7778
8936 8837
8942 7007
8942 9524
8947 8732
8950 8272
8950 9758
8950 911
8951 181
8951 378
8960 10744
8961 334
8962 5871
8963 4563
8963 10238
8964 8359
8966 5205
8967 9445
8968 1649
8968 3061
8969 7279
8974 3367
8976 4686
8977 179
8981 10863
8981 1219
8981 6431
8982 10950
8984 3528
8984 1319
8988 4440
8988 7012
8988 8688
8991 2065
8994 3924
8994 862
8996 7499
8996 829
8996 172
8998 291
8998 4598
8998 4719
8998 5668
8999 8795
8999 9734
9000 6891
9000 7264
9000 10321
9000 9068
9007 4810
9007 8133
9007 334
9007 3867
9007 8438
9007 9797
9010 8432
9011 5526
9013 1077
9013 10863
9015 2623
9021 9913
9021 9664
9021 1893
9022 2427
9022 4943
9023 6187
9026 867
9027 6107
9027 10508
9028 9478
9031 7329
9031 9740
9032 2615
9033 10863
9033 6711
9033 5998
9039 5554
9046 8743
9047 4608
9050 10553
9052 7155
9052 7706
9052 10606
9053 10287
9054 334
9054 566
9055 7279
9065 393
9069 1623
9070 188
9070 290
9070 845
9079 10170
9079 10051
9080 4017
9080 8645
9083 1077
9083 6711
9083 10863
9085 7954
9087 9797
9089 6776
9091 3396
9091 9713
9092 3938
9092 3430
9093 7499
9093 7706
9093 9501
9093 10956
9093 829
9093 10969
9093 5331
9093 8984
9094 9445
9095 506
9095 4051
9096 5541
9096 5619
9096 8608
9096 2667
9096 10687
9097 10863
9099 8318
9099 9675
9100 7720
9100 430
9100 829
9100 4562
9100 8715
9101 8795
9102 9101
9102 5344
9102 10782
9107 9677
9108 6792
9109 9902
9110 5964
9111 5509
9117 5970
9121 6739
9121 5059
9122 5929
9122 9126
9122 10230
9124 9649
9125 7706
9126 1112
9127 3739
9129 8752
9129 10734
9131 1138
9131 1146
9134 11020
9138 1358
9139 334
9139 8193
9140 6757
9140 464
9148 1178
9148 2482
9148 1642
9148 5686
9149 529
9151 8576
9154 8761
9154 6100
9154 76
9163 6139
9163 3894
9163 4219
9163 4625
9163 6543
9163 7045
9163 8399
9163 10558
9171 3598
9174 7591
9175 9970
9178 10332
9179 9616
9183 9021
9184 4331
9184 46
9184 50
9184 6297
9187 5255
9188 7290
9188 8272
9188 334
9189 3370
9189 6614
9189 10863
9189 8014
9195 3872
9198 10474
9199 3978
9199 9226
9202 10190
9202 9687
9203 6936
9203 7412
9203 8762
9211 5483
9212 10190
9212 7315
9212 7680
9212 9408
9212 10863
9212 246
9212 362
9216 5508
9216 10863
9216 783
9216 6711
9217 2250
9217 9501
9217 1126
9217 2889
9217 9544
9217 9665
9217 10636
9217 10672
9218 11047
9221 10836
9221 7825
9221 9587
9221 10668
9223 8596
9226 3978
9228 9214
9232 6003
9232 129
9232 223
9232 334
9232 1085
9232 8508
9235 2140
9235 10399
9237 6413
9240 10186
9242 8937
9246 4070
9246 7706
9246 8272
9246 10821
9246 334
9246 1124
9247 7012
9247 4043
9253 5641
9253 5689
9253 10503
9257 5626
9258 479
9259 288
9259 7496
9259 8379
9260 6384
9265 8254
9266 3052
9275 5581
9275 9501
9275 829
9276 11019
9276 772
9277 3860
9277 829
9281 10863
9281 10049
9283 7290
9283 566
9283 1124
9283 5164
9285 5321
9285 7357
9287 3486
9287 9126
9287 10230
9287 7517
9287 7737
9287 8597
9296 7328
9296 9466
9296 682
9296 8497
9300 1359
9300 4481
9305 3844
9305 8194
9305 893
9307 6628
9307 4675
9307 5418
9307 2951
9308 9246
9308 9609
9309 4675
9309 7080
9315 4477
9316 5998
9323 2081
9323 11020
9324 9189
9324 10601
9324 2547
9324 10513
9324 10776
9325 6621
9331 7706
9340 734
9340 9909
9345 181
9345 10260
9346 734
9346 3430
9349 627
9351 10863
9352 1081
9352 1638
9352 3279
9352 5377
9352 8795
9352 10863
9352 159
9352 591
9352 1149
9352 1319
9357 1744
9359 8272
9359 334
9359 4036
9359 4628
9359 7208
9359 11012
9361 7096
9361 7783
9365 7982
9365 221
9365 336
9374 4477
9374 5689
9374 6824
9374 10663
9378 4861
9378 7290
9378 5255
9378 7148
9382 3528
9382 829
9383 10542
9387 9730
9392 2950
9392 3284
9393 7706
9397 7390
9402 8795
9402 4380
9403 6214
9404 11020
9404 1333
9404 4627
9406 4275
9406 4500
9406 1301
9406 1724
9406 6568
9406 7708
9406 10798
9408 5634
9408 541
9408 154
9411 7096
9411 8716
9412 464
9412 5164
9412 8687
9416 10194
9417 9327
9420 2643
9420 8272
9420 334
9422 13
9430 1326
9431 745
9431 6628
9431 4408
9431 5418
9432 8272
9432 8795
9432 10055
9432 334
9432 8715
9432 9758
9439 9873
9439 9994
9439 2305
9439 6445
9439 6709
9441 6338
9441 3408
9442 4362
9442 7343
9442 7774
9442 8852
9442 9567
9445 11020
9453 5775
9453 10757
9457 697
9457 827
9457 1345
9458 4810
9459 5791
9460 541
9462 6944
9463 11018
9463 10303
9464 181
9464 7162
9465 4477
9465 6773
9465 6939
9466 3344
9466 535
9466 6278
9466 3828
9466 1245
9466 7242
9468 5952
9468 7680
9471 9937
9479 11020
9479 9611
9482 10676
9484 6523
9484 4094
9484 7089
9487 6739
9487 5059
9488 6757
9488 8187
9489 3430
9492 5310
9493 1372
9497 3862
9497 10885
9497 7365
9498 61
9501 8795
9501 1319
9502 5592
9502 6045
9504 360
9506 10824
9506 10885
9506 28
9506 8008
9508 9517
9509 6322
9509 8716
9509 13
9509 10532
9510 3240
9510 7499
9510 829
9511 1897
9511 3969
9511 4234
9511 4426
9511 8511
9511 9178
9511 9708
9511 9971
9511 10697
9511 9521
9513 1897
9514 5255
9515 1077
9515 1927
9515 10863
9515 6069
9517 8278
9518 8163
9518 3830
9518 9663
9520 5321
9521 9253
9521 4234
9521 6824
9521 948
9521 10663
9522 3997
9522 4532
9522 2415
9522 10174
9522 9625
9527 7569
9527 575
9527 4440
9527 1359
9527 637
9528 6003
9528 129
9528 236
9528 334
9528 566
9528 1855
9530 9825
9530 7902
9541 4017
9546 4984
9546 6220
9546 7080
9552 10190
9552 7680
9553 9640
9560 734
9563 1350
9565 7166
9567 2232
9567 4362
9567 7329
9567 7774
9571 9239
9572 3383
9572 3739
9572 6400
9572 6562
9572 578
9572 1157
9572 4473
9573 3631
9573 6017
9573 9450
9573 5916
9577 7012
9579 7706
9584 11042
9584 1319
9585 1296
9586 224
9586 6354
9590 10025
9592 5554
9596 9208
9598 7815
9600 10699
9601 5620
9601 9569
9608 8647
9609 6847
9612 10276
9614 7692
9616 9126
9616 440
9616 4153
9616 5777
9617 6010
9618 4836
9619 3905
9619 8824
9619 8963
9625 3997
9625 4532
9625 2415
9625 9522
9625 10174
9628 1854
9635 2081
9636 4828
9636 5003
9636 912
9636 11047
9638 7568
9640 679
9641 223
9641 6664
9642 7636
9642 10242
9642 2361
9644 1047
9646 8438
9646 9797
9652 3598
9653 734
9653 5006
9653 9141
9653 11016
9654 6847
9654 1319
9654 4967
9654 8033
9661 9657
9661 753
9661 10965
9661 583
9663 8587
9664 3547
9664 3612
9664 7290
9664 7982
9664 875
9664 4017
9664 9067
9665 3482
9665 5581
9665 8911
9665 9501
9665 566
9665 829
9665 911
9665 1126
9665 3894
9665 5942
9665 6292
9665 7305
9665 10636
9665 9758
9668 46
9677 658
9677 8808
9678 7574
9679 5633
9679 6465
9680 5343
9680 5723
9683 7800
9684 8761
9691 9836
9693 11043
9694 9616
9695 10072
9696 4104
9701 3430
9705 4601
9705 9749
9706 6527
9706 3698
9706 699
9708 4477
9708 4639
9709 6359
9711 9657
9711 583
9711 634
9711 753
9713 8272
9713 1762
9713 9612
9715 7783
9715 10538
9726 5510
9727 745
9727 2659
9727 1049
9727 7107
9727 7262
9728 10530
9730 10192
9731 7720
9731 7870
9731 8793
9732 1897
9735 8008
9736 7706
9736 10242
9740 7329
9745 8272
9745 334
9745 158
9748 10322
9749 734
9750 5929
9750 7648
9750 10230
9750 224
9750 637
9750 1359
9750 4131
9750 8497
9756 10988
9758 5581
9758 8272
9758 8795
9758 9501
9758 334
9758 911
9761 7023
9761 541
9761 6321
9763 6089
9764 6847
9764 1319
9765 3862
9771 1897
9771 10376
9771 755
9777 4279
9777 6322
9777 2521
9777 6950
9777 13
9777 9509
9780 82
9782 10682
9782 4017
9782 5343
9782 8493
9783 3430
9785 5494
9785 9191
9785 8362
9789 7343
9790 11018
9792 5352
9792 2274
9792 5668
9794 6614
9794 6001
9794 7229
9797 4810
9797 7909
9806 9757
9809 5614
9809 5732
9809 8772
9809 10566
9811 4017
9811 9955
9811 10637
9813 256
9814 3997
9814 4234
9814 5816
9814 6593
9814 7395
9814 948
9814 9521
9814 10663
9819 226
9825 1312
9825 9530
9825 5730
9825 7551
9825 7902
9825 10660
9825 10403
9826 7706
9826 10344
9829 3860
9830 4833
9830 5497
9830 9477
9831 10172
9832 3482
9832 8697
9832 9501
9832 544
9832 911
9832 1166
9832 7098
9833 3489
9834 3926
9834 9785
9836 10849
9837 112
9840 5998
9842 4035
9845 223
9846 4801
9852 4017
9860 1751
9862 9657
9862 10965
9864 1326
9864 1470
9864 2946
9866 8085
9866 541
9869 5789
9869 8851
9870 745
9870 4253
9870 6071
9870 9431
9870 10111
9870 10783
9877 8950
9877 911
9878 5929
9878 10230
9878 159
9878 224
9878 682
9878 6208
9878 8597
9885 5100
9885 7005
9885 7531
9885 269
9886 3608
9887 10863
9887 6711
9888 6075
9890 10621
9892 8886
9892 4816
9893 3864
9893 4771
9893 5205
9893 6151
9893 10925
9893 4659
9893 6900
9894 544
9894 829
9894 8961
9894 8982
9898 3731
9898 4794
9898 8418
9898 9283
9899 10835
9900 1077
9900 10863
9900 83
9900 6711
9907 699
9908 8272
9908 7007
9912 1037
9913 4017
9913 9067
9913 9638
9914 10294
9918 5455
9919 8993
9922 7708
9922 8483
9928 4961
9931 8784
9932 5089
9932 4043
9939 8067
9939 8498
9943 8163
9943 6076
9944 9755
9947 9501
9947 9616
9947 1126
9947 9544
9947 10289
9955 4017
9956 7767
9956 8075
9956 18
9956 157
9957 3221
9957 1077
9957 10382
9957 10863
9957 7851
9957 9740
9963 975
9963 4177
9964 1859
9968 1359
9969 3828
9970 5787
9971 9678
9972 8795
9972 10025
9973 10848
9974 10177
9974 5753
9974 7591
9974 246
9976 7290
9976 46
9976 223
9976 256
9976 455
9976 522
9976 875
9976 1060
9981 2538
9981 3547
9981 3612
9981 7290
9981 875
9981 8021
9984 339
9984 1005
9986 6206
9990 8625
9993 9101
9993 1319
10002 2160
10002 3221
10002 4017
10002 6197
10002 7750
10002 9955
10002 10637
10003 10190
10003 541
10009 5531
10012 3365
10012 4953
10012 9521
10014 6742
10014 7667
10014 8750
10014 9109
10014 9679
10014 9895
10014 9902
10015 10863
10015 1319
10015 5589
10015 10601
10017 7546
10017 10241
10017 3164
10020 5581
10020 9501
10020 829
10020 8715
10020 8961
10026 599
10027 4253
10027 7498
10027 7975
10027 9727
10035 3969
10035 4234
10035 127
10035 5236
10035 5689
10035 6929
10035 9269
10035 9436
10035 9465
10035 9708
10035 10353
10035 10511
10035 10663
10035 10587
10039 4104
10039 7476
10039 8914
10039 9696
10045 7058
10045 7533
10045 9126
10045 9635
10045 1211
10045 2081
10045 10376
10045 10978
10045 755
10045 1103
10045 677
10048 1345
10048 1516
10049 281
10049 5531
10050 1365
10050 9441
10054 1897
10055 4910
10058 8163
10058 9943
10059 3860
10059 1319
10061 5789
10061 10201
10063 2643
10063 4157
10063 8508
10066 7277
10067 95
10067 2029
10067 10080
10073 568
10073 810
10078 2638
10078 3540
10078 4832
10078 7403
10078 8044
10079 7935
10080 6774
10084 7290
10084 8177
10084 5255
10084 7148
10085 9711
10085 583
10091 1120
10094 10282
10096 5147
10096 5903
10099 4879
10101 3769
10101 9210
10103 5661
10107 7706
10108 5811
10108 6244
10108 1878
10110 10344
10110 3649
10110 8793
10111 745
10111 7498
10111 3619
10114 3365
10114 9236
10115 6628
10115 6076
10115 7107
10116 9050
10116 10553
10117 2245
10118 10863
10118 9740
10119 1854
10119 11020
10122 5313
10122 7706
10122 1312
10122 8415
10123 10099
10123 4879
10124 566
10126 8163
10131 839
10131 7256
10134 4477
10134 4527
10134 6122
10135 8750
10136 4133
10137 4487
10137 2796
10138 6757
10138 8272
10138 334
10138 1546
10138 4064
10138 5304
10138 7953
10138 10332
10140 9516
10141 144
10142 3628
10142 5098
10142 9498
10142 61
10145 3921
10145 4382
10145 10344
10151 7706
10152 9955
10161 1375
10164 8344
10165 7680
10165 10863
10167 9283
10167 566
10168 3366
10168 5585
10173 804
10174 3997
10174 4532
10174 2415
10174 9522
10174 9625
10177 7315
10178 49
10184 10637
10186 8597
10186 682
10187 9527
10187 10980
10187 575
10187 4481
10187 4696
10187 8692
10187 9968
10188 7476
10190 10177
10190 10863
10190 2787
10190 7905
10190 154
10190 1051
10190 9408
10190 6701
10194 6969
10194 9416
10197 9639
10199 5998
10199 7800
10199 6237
10199 7152
10199 8064
10201 5789
10201 7096
10201 8716
10202 10863
10209 4234
10210 4943
10210 4051
10210 227
10210 9095
10213 4070
10213 1930
10213 8272
10213 9713
10213 8042
10213 9612
10213 334
10213 9758
10213 1365
10214 6354
10218 5435
10218 112
10221 10927
10225 202
10226 6330
10227 6813
10227 13
10227 9411
10227 10729
10230 7931
10230 8597
10232 3774
10235 8021
10235 9981
10242 7706
10243 1776
10243 9970
10243 4789
10243 4794
10243 9381
10245 8272
10245 334
10245 1319
10245 10956
10248 322
10251 10863
10251 9957
10254 440
10254 6423
10255 5828
10260 9445
10260 829
10264 4136
10264 7028
10264 8067
10266 9657
10266 9862
10266 753
10266 10965
10266 583
10270 6607
10270 4382
10276 566
10278 9126
10280 4017
10281 301
10283 6757
10284 5661
10289 207
10289 544
10291 550
10295 1980
10298 10190
10298 7294
10298 7680
10298 322
10298 634
10298 769
10298 1051
10298 4837
10303 5084
10308 7720
10308 520
10308 829
10308 1289
10308 4116
10308 8900
10308 9909
10312 6990
10317 5012
10317 3772
10318 5998
10319 3482
10319 911
10319 1326
10325 8272
10327 10272
10331 10399
10332 3356
10332 4127
10332 6603
10332 8237
10332 9263
10335 9581
10338 7451
10340 9083
10340 10177
10340 10863
10342 4553
10342 6197
10342 6783
10342 9592
10342 9913
10348 8272
10348 10877
10351 4288
10357 1208
10364 8637
10364 1298
10364 928
10370 9126
10370 9616
10370 5777
10376 7058
10376 7533
10376 9126
10376 9635
10376 2081
10378 8052
10378 9616
10378 1489
10379 10863
10379 1077
10379 9740
10380 745
10380 2659
10380 8817
10382 9083
10382 6711
10382 10863
10382 6074
10386 8795
10390 4685
10390 7697
10390 7768
10390 9050
10390 10553
10391 5530
10391 6757
10394 3056
10397 8133
10397 3755
10397 3867
10397 2449
10400 3370
10400 1333
10401 9445
10403 3651
10403 1312
10403 292
10405 5425
10407 3943
10407 4789
10407 4585
10412 697
10412 5477
10412 6988
10412 10933
10412 8400
10413 1009
10413 4667
10418 783
10419 3698
10422 3537
10424 566
10427 9678
10428 10871
10428 535
10430 8591
10431 9323
10431 11020
10432 3621
10432 8807
10432 7706
10432 8054
10432 5199
10432 5751
10435 223
10436 3370
10436 8014
10436 9479
10436 2081
10436 8168
10436 10049
10436 10863
10436 6493
10436 4627
10436 7680
10436 1333
10436 9154
10436 4836
10436 9404
10436 9134
10436 8761
10436 76
10436 11049
10436 10892
10436 6515
10440 10848
10442 2913
10443 4548
10443 8808
10447 5510
10449 9616
10449 6412
10453 2708
10453 3515
10453 6850
10453 5300
10453 8630
10453 1309
10453 574
10460 10761
10463 1087
10463 9680
10470 8288
10470 1854
10474 767
10474 7096
10474 8700
10478 10815
10478 5405
10478 5979
10478 7243
10478 8319
10478 10753
10478 10498
10479 3996
10481 3279
10481 3844
10481 893
10481 4580
10481 10389
10486 9330
10487 8448
10488 821
10492 7783
10492 10532
10495 1094
10503 5641
10504 1297
10507 7821
10510 7706
10510 1124
10511 127
10513 83
10513 3773
10513 5358
10513 7774
10517 6191
10517 5769
10517 5901
10517 6990
10520 5291
10520 7486
10523 9677
10523 7470
10524 25
10524 10344
10525 1363
10528 7290
10528 5255
10530 1013
10532 6322
10532 6929
10532 7096
10532 7783
10538 6965
10538 7575
10544 7543
10545 1118
10545 4055
10545 6384
10545 9179
10551 3772
10552 4227
10557 203
10561 1333
10562 1312
10562 5750
10562 7423
10567 4017
10567 7059
10567 10343
10568 2165
10568 8793
10571 7082
10571 7953
10574 6384
10574 6406
10574 6502
10574 7212
10574 7617
10574 9153
10574 9676
10574 9925
10574 3022
10575 8609
10582 7882
10582 10582
10584 10335
10586 7375
10586 4795
10586 9695
10587 9521
10587 10663
10601 10863
10609 3598
10616 10407
10617 9713
10617 4560
10617 9908
10619 5462
10619 8695
10619 10578
10624 5929
10625 4051
10625 227
10625 2161
10625 10210
10627 9445
10628 893
10628 6059
10629 6838
10629 9506
10632 261
10632 769
10633 1095
10633 10799
10636 5581
10636 9445
10636 911
10636 3894
10636 6292
10636 7098
10637 4017
10637 7650
10637 9176
10639 406
10639 6432
10639 9023
10641 4199
10643 5205
10643 18
10643 425
10643 1042
10643 918
10643 4659
10643 6161
10645 5797
10645 6478
10645 2906
10645 7252
10647 1489
10651 4791
10654 3921
10654 10344
10659 334
10659 4036
10659 5080
10659 6237
10659 6337
10659 6375
10661 306
10663 4477
10667 845
10669 2394
10669 7224
10669 1052
10671 2365
10672 544
10672 918
10672 6292
10672 2889
10672 9544
10675 9616
10677 6146
10677 808
10678 224
10682 4017
10683 10245
10683 4408
10683 7975
10683 9727
10687 10863
10687 5541
10687 6069
10687 2667
10691 7395
10691 10146
10695 8761
10697 4477
10698 10863
10698 7851
10698 6711
10698 362
10698 6074
10699 4017
10702 10863
10702 7768
10702 3415
10702 10609
10704 9149
10705 10859
10711 2394
10721 6071
10721 7994
10721 8974
10724 4917
10724 65
10724 8395
10729 5190
10729 6661
10729 8350
10729 8716
10729 13
10730 9445
10734 10863
10740 226
10744 3774
10747 8712
10749 5541
10749 9778
10749 10286
10752 5025
10753 7375
10753 6839
10754 5508
10754 10863
10754 6711
10755 4264
10759 6400
10759 9253
10759 127
10759 6231
10759 7620
10760 566
10761 4673
10765 3405
10766 3366
10766 10863
10766 83
10766 5358
10766 8852
10767 3497
10767 4698
10768 8274
10776 3370
10776 10863
10776 8014
10778 5748
10780 10436
10780 10863
10783 2659
10783 5377
10783 566
10783 7170
10783 9338
10783 9431
10783 3619
10785 7819
10785 1232
10790 11042
10790 529
10797 6269
10798 1724
10798 6568
10798 9703
10799 1095
10802 8395
10804 1077
10804 5952
10804 7680
10804 10863
10804 246
10804 9189
10805 7499
10805 10950
10805 829
10805 1319
10805 7885
10809 7548
10815 3430
10817 7155
10817 5255
10817 5598
10817 4202
10817 10510
10819 7706
10819 10606
10819 3510
10819 10510
10820 9873
10820 9994
10821 6423
10821 1333
10821 10863
10822 9657
10822 9711
10822 9862
10822 10266
10822 583
10822 458
10822 915
10822 5220
10822 753
10823 5098
10823 5668
10823 7159
10824 3862
10829 10519
10829 714
10829 1115
10831 9114
10832 3370
10832 2394
10832 1601
10835 3634
10835 5327
10835 7299
10835 8133
10836 10516
10837 1819
10837 2348
10837 1326
10837 3522
10838 1329
10841 1076
10841 719
10844 1897
10844 536
10844 334
10845 187
10848 9154
10853 1029
10857 4812
10857 1927
10857 6069
10857 9515
10857 10863
10857 6711
10862 6918
10863 6614
10863 6701
10868 5581
10868 6139
10868 8163
10868 8469
10868 8795
10868 9501
10868 829
10871 535
10874 9021
10885 3862
10885 8395
10886 3851
10886 3931
10886 127
10886 4477
10889 6795
10889 6879
10891 1312
10891 7051
10891 2913
10891 10562
10892 3378
10892 1162
10892 11020
10892 9624
10903 8288
10903 10892
10905 3985
10905 464
10905 334
10907 5998
10907 10863
10907 4137
10910 4070
10910 8807
10910 4382
10910 10306
10910 10344
10910 3649
10910 3921
10910 5199
10914 1094
10919 4810
10919 11020
10925 3303
10925 3370
10925 5321
10925 6757
10925 7720
10925 4557
10925 536
10925 7396
10925 7521
10929 8846
10929 10938
10929 9517
10929 5072
10931 5425
10931 10405
10940 4017
10940 821
10942 6025
10947 7545
10947 1298
10954 18
10955 1414
10956 7499
10962 7682
10962 9991
10963 7007
10965 753
10969 227
10969 6774
10971 8795
10971 3828
10971 10025
10975 2140
10978 4455
10978 755
10978 1211
10979 3497
10979 729
10980 224
10980 637
10981 6634
10981 8795
10981 9911
10981 1110
10983 338
10983 8505
10983 6390
10983 520
10983 579
10984 9126
10984 2081
10985 1897
10985 5095
10985 129
10985 5668
10985 67
10989 5066
10989 10871
10991 9616
10993 9126
10993 911
10993 6078
10994 9083
10994 10863
10994 6711
10995 8795
10999 3489
11002 699
11005 10836
11006 3370
11012 1897
11012 8272
11012 334
11012 8820
11012 9246
11015 5016
11015 6930
11015 10369
11015 7582
11015 9168
11015 6495
11015 983
11015 239
11015 6187
11023 6017
11025 3403
11026 3605
11026 2824
11028 3835
11028 5308
11028 5900
11028 8198
11028 8
11028 1339
11028 11049
11028 479
11033 1059
11035 334
11035 4477
11035 5126
11035 5143
11040 5549
11040 5313
11040 7706
11040 129
11041 1685
11042 7499
11042 1319
11044 230
11045 8187
11045 8254
11045 9506
11045 10629
11045 841
11047 3709
11047 4828
11051 7706
11051 8054
11051 3649
